"","V1","V2","V3","V4","V5"
"1",0,0.35552734034075,0.042702112260445,0.349464667768589,0.252305879630216
"2",0.0512664924576395,0.525755275801997,0.336543038745578,0.0846492180677387,0.0017859749270473
"3",0.414824780323677,0.42622016712655,0.0924946626926739,0,0.0664603898570996
"4",0.0888445560832572,0.460537423382536,0.00890566084235957,0.314367318628399,0.127345041063448
"5",0.112766945987387,0.133982139370217,0.244729836181769,0.0497129188439778,0.458808159616649
"6",0.466321790786077,0.46660826183122,0.00363251193102859,0.0196940055212505,0.0437434299304241
"7",0,0.5,0.5,0,0
"8",0.024756567288394,0.432238532063047,0.0762488947796538,0.389590902450445,0.0771651034184596
"9",0.298189391665851,0.422778192373762,0.279032415960387,0,0
"10",0.362598344421891,0.400340404189727,0.00128803734206837,0.0882616618459319,0.147511552200382
"11",0.298624914146725,0.370567911004044,0.0908936829325344,0.239387452692271,0.000526039224424907
"12",0.213382208537694,0.392970731592584,0.392970731592584,0.000676328277138468,0
"13",0.0626324180766103,0.425674383418436,0.21529334445785,0.14365086454996,0.152748989497144
"14",0.202114553777695,0.0156219614692863,0.163557843727179,0.214199177593535,0.404506463432305
"15",0.160343848610496,0.0555879202396938,0.161895845478214,0.187733677109582,0.434438708562014
"16",0.128958515276883,0.0451207520869812,0.228453501059511,0.130064290744954,0.467402940831671
"17",0.0197321724746906,0.154744999941654,0,0.825522827583656,0
"18",0.102992147064719,0.415661715308006,0.243411603844354,0,0.237934533782921
"19",0.0523502685943273,0.459484602233001,0.00877019223557585,0.00881027535272797,0.470584661584368
"20",0.172932455205657,0.230544759329493,0.146997416334859,0.0900807687904584,0.359444600339532
"21",0.488975662673195,0.481991470453973,0.00768848080828117,0.00358266306779771,0.017761722996754
"22",0.271068774800224,0.632666440234099,0.00174350402292585,0.0615058011112599,0.0330154798314907
"23",0.5,0,0,0.5,0
"24",0.121459247814343,0.442964947627633,0.0201831584470922,0.415392646110932,0
"25",0.00102748366815195,0.383216873283606,0,0.372601566633211,0.243154076415031
"26",0,0.512302440750112,0.486332561254821,0,0.00136499799506678
"27",0.349663637481154,0.346387971686519,0,0.303310260315788,0.00063813051653864
"28",0.21594170083831,0.200730724636349,0.162581222385838,0.0316163525430887,0.389129999596414
"29",0.0873016033496753,0.594358670163951,0.296274743415093,0.00283630876950265,0.0192286743017774
"30",0.12847416258119,0.0532356213145066,0.228489820258591,0.126177826563968,0.463622569281745
"31",0.342295096637334,0.496540283592105,0,0.161164619770562,0
"32",0.314791027026229,0.324060527832164,0.0375927880399727,0,0.323555657101634
"33",0.117178289618374,0.226047986014492,0.154974782629993,0.0779934842599009,0.42380545747724
"34",0.161441779960617,0.0823908316411997,0,0.561180619971407,0.194986768426776
"35",0.0106786047121389,0.520825254508411,0,0.468202292282116,0.000293848497333709
"36",0.410611623055327,0.152398184365033,0.0278930310620809,0.409097161517559,0
"37",0.116122909798795,0.18492421929875,0.169603479504846,0.104540087078458,0.424809304319151
"38",0.389811159598001,0.356260188441761,0.0572949006820408,0.196633751278197,0
"39",0.0326817812744825,0.457049208501931,0.133488374161622,0.345251638786914,0.0315289972750498
"40",0.394138911545105,0.394138911545105,0,0.21172217690979,0
"41",0.140309514749074,0.0384459293987675,0.234366864772577,0.123010378757775,0.463867312321806
"42",0.00656464510503031,0.300937718298944,0.233683016984067,0.0807004424241692,0.37811417718779
"43",0.362036934264242,0.282894099116759,0.0161083621605427,0.325665059336371,0.0132955451220847
"44",0.406775863043062,0.407812168184845,0.0479722808800108,0,0.137439687892083
"45",0.390719125869608,0.123898961291041,0.10584277540356,0.195283474177059,0.184255663258732
"46",0.39139696835937,0.381054514349568,0.00593697135167303,0.221611545939389,0
"47",0.173203369775899,0.41339831511205,0.41339831511205,0,0
"48",0.381032441723304,0.0589157872957003,0.159369196657213,0.103814429182995,0.296868145140788
"49",0.304040870747614,0.146880019606481,0.0227545096132648,0.488675853882202,0.037648746150438
"50",0.196548305019353,0.515396697226889,0.164475557177879,0,0.12357944057588
"51",0.0472854199657326,0.538868067680657,0.00636133806215165,0.394890402886227,0.0125947714052317
"52",0.221440979121441,0.264300125772554,0.151585012357715,0.36267388274829,0
"53",0.254830191547961,0.417399810530488,0.0572454512121402,0.150043908643085,0.120480638066325
"54",0.0101898190404199,0.408106452343584,0.384194672601238,0.100504778366607,0.0970042776481514
"55",0.149604494182055,0.367836808218401,0.115161953520111,0.120704870593932,0.246691873485501
"56",0.0353279759164569,0.395917277375777,0.295183022959266,0,0.273571723748501
"57",0.330679219880623,0.640152752288481,0.0244836131049332,0.00381265486974264,0.000871759856220868
"58",0,0.49949474841836,0.000984852695847298,0.499286937268137,0.000233461617655684
"59",0.102563339183642,0.409188916824317,4.02860527044821e-05,0.213076780247704,0.275130677691633
"60",0,0.5,0,0.5,0
"61",0.0445357282215188,0.390525373892279,0.00589907222159703,0.305886142070184,0.253153683594421
"62",0.138797164706178,0.430978174578415,0.42932093847174,0,0.000903722243666882
"63",0.309627382375749,0.395192153264902,0,0.293807368537278,0.00137309582206982
"64",0.0424896742947337,0.544501014722654,0.261625926072058,0.151383384910555,0
"65",0.400935774243158,0.210837568158692,0,0.388216015668597,1.06419295527697e-05
"66",0.133917360701425,0.184415175235967,0.104025132307851,0.18039351648279,0.397248815271967
"67",9.8098569946682e-05,0.85349972742199,0.00300636453263156,0.137491347174018,0.00590446230141377
"68",0.190137636039951,0.534086131785722,0,0.275776232174327,0
"69",0.11016324460878,0.414772777498666,0.121166657183385,0.353787793080693,0.000109527628476311
"70",0.0660984860883782,0.527820863479421,0.0494939008581948,0.356586749574006,0
"71",0.00367134829937926,0.542552730848993,0.216569297958479,0,0.237206622893149
"72",0.465418825351798,0.465418825351798,0,0,0.0691623492964036
"73",0.0134239491432712,0.202613818726122,0.150407613374545,0.262245562047725,0.371309056708338
"74",1.90198398212216e-05,0.714695663014671,0.169327831294695,0.0705548757291511,0.0454026101216611
"75",0.00174604049526719,0.0448530222595985,0.334970496473669,0.401106619618855,0.21732382115261
"76",0.510003095715963,0.0145122151842666,0.0659089002020003,0.409428481150838,0.000147307746932357
"77",6.11088456740941e-05,0.461999385761343,0,0.537929318090995,1.01873019877666e-05
"78",0.363882468430149,0.300852448500995,0,0.331050423864226,0.00421465920462964
"79",0.127610803717773,0.270692733350918,0.0659614594506748,0.179072833461113,0.356662170019521
"80",0.00795941452214789,0.4050064782055,0.076793252418321,0.155232656451359,0.355008198402672
"81",0.382061643102552,0.382061643102552,0.235666199060353,0,0.000210514734542223
"82",0,0.345349974059377,0.345349974059377,0.309300051881245,0
"83",0.45683046715838,0.48079618231279,0.00477604481237163,0.00531273530017064,0.0522845704162872
"84",0.421601189153691,0.578398810846309,0,0,0
"85",0.382657585600185,0.00298390523974248,0,0.38258526953567,0.231773239624402
"86",0.211990830216803,0.574927846767686,0.0159850931463967,0.153491312830684,0.0436049170384301
"87",0.333287308892436,0.333356345553782,0.333356345553782,0,0
"88",0.0390063050777342,0.363769139254102,0.00123097452818074,0.335783895052583,0.2602096860874
"89",0,0.521643964615765,0.334031660182235,0,0.144324375202
"90",0.124845057237772,0.37305593956484,0.173124927133734,0.000774777175312766,0.328199298888341
"91",8.9637469777393e-05,0.484414586447485,0.0156245083091847,0.0152366503938437,0.484634617379709
"92",0.0444812767018519,0.190866778182767,0.187291789491285,0.170741623264227,0.406618532359869
"93",0.250456596609,0.235823950883287,0.00167020944486734,0.174048162567531,0.338001080495314
"94",0,0.0975935839598998,0.00736340290008854,0.575054640450645,0.319988372689367
"95",0,0.337630035621884,0.324369970944451,0.337650842952338,0.00034915048132693
"96",0,0.364263911818287,0,0.389445588946058,0.246290499235655
"97",0,0.5,0,0.5,0
"98",0,0.449400867238045,0,0.449400867238045,0.10119826552391
"99",0,0.507095904372635,0.359116898188677,0.0466516876492825,0.0871355097894058
"100",0.183773979597954,0.335062122100974,0.335062122100974,0,0.146101776200098
"101",0.154313296371875,0.157986026162114,0.395902911450991,0.291797766015021,0
"102",0.497556002920766,0.497556002920766,0.00488799415846873,0,0
"103",0.274307895260424,0.437958675736794,0.00279051770892247,0.250061162927876,0.0348817483659836
"104",0.191892241734167,0.404103057160847,0.000150923858605727,0.40385377724638,0
"105",0.463356437868727,0.0989723065419019,0.206732621486755,0.230938634102616,0
"106",0.259609428371785,0.367733370295476,0.141466135044634,0.231191066288105,0
"107",0.0222732394365562,0.433450496705293,0.147452039020168,0.187801784640266,0.209022440197717
"108",0.162228594384659,0.0950737950725924,0.191662995416351,0.116087571339758,0.43494704378664
"109",0.142200441042747,0.000691117059695559,0.425434943126819,0.431673498770738,0
"110",0.195647103400742,0.430665436661011,0,0.130939504052376,0.24274795588587
"111",0.314793201376401,0.387670633756885,0.1357820186244,0.102619486705591,0.0591346595367224
"112",0.194311484599943,0.60688780736334,0.17963246789635,0.0176299747746813,0.00153826536568629
"113",0,0.41845380698044,0.0710741987192081,0.504698224190141,0.00577377011021119
"114",0.0218648804461143,0.399090242571953,0.0626039732048833,0.511879300738835,0.0045616030382145
"115",0.164049403519312,0.239397207642357,0.108712221598,0.294816698989709,0.193024468250622
"116",0.0880264756681793,0.230255915515962,0.110473867424183,0.169559033788107,0.401684707603568
"117",0.403022260911864,0.405668988561042,0,0.184500242230505,0.0068085082965893
"118",0.000757550254085557,0.440778076758058,0.130400275487946,0.427309832128544,0.000754265371366622
"119",0.0433383831221514,0.568180735016261,0.235776483099565,0.000732462848436301,0.151971935913587
"120",0.105204280788129,0.0998644252252988,0.220183416779721,0.1234139360799,0.451333941126951
"121",0.140003003778203,0.0455604739839065,0.223526455740762,0.131766754600899,0.459143311896229
"122",0.00428010786488287,0.59870452455942,0,0.397015367575697,0
"123",0.168242109490176,0.30929852421498,0.277795693301646,0.0077290769082578,0.236934596084941
"124",0.106552967390148,0.0181446803186156,0.310572402173102,0.564676587662526,5.33624556077071e-05
"125",0.00221901957867292,0.415079742628182,0.171423695268613,0.409816835197139,0.00146070732739263
"126",0.214791281208073,0.130222461798475,0.0602588394346812,0.21618563042281,0.378541787135961
"127",0.304900436312966,0.0994696771683731,0.351073424587146,0.236935600900619,0.00762086103089559
"128",0.109032669657505,0.07474177109037,0.211212040536977,0.170659318912682,0.434354199802467
"129",0.0480847922415261,0.475957603879237,0,0,0.475957603879237
"130",0.16462782428231,0.343642719388737,0.0072306606946529,0.236673221639577,0.247825573994723
"131",0.186480837316703,0.00892938031307979,0.17581122693213,0.300664105234644,0.328114450203443
"132",0,0.484626311779144,0,0.484626311779144,0.0307473764417129
"133",0.0573085514192285,0.570047792424606,0.217405154398874,0,0.155238501757291
"134",0.299349038427677,0.404376359666277,0,0,0.296274601906046
"135",0.300511954809171,0.559105043813705,0.0631566178962178,0.0588854336465286,0.0183409498343779
"136",0.127615922899351,0.0454175893451203,0.229076760658482,0.130236166421566,0.467653560675481
"137",0.445219757463682,0.554744191180439,3.60513558790618e-05,0,0
"138",0.26269877022635,0.398882994070125,0.328821538470355,0.00959669723317033,0
"139",0.0485159607776004,0.516108576337385,0.00392464144605891,0.387146657774331,0.0443041636646243
"140",0.148900411516537,0.386541417717231,0.122272856398002,0.00491271429395866,0.337372600074272
"141",0.364598654185292,0.469814543092947,0.0645288706703931,0,0.101057932051368
"142",0.11136199609322,0.444323355625746,0,0.444314648281034,0
"143",0.174176797041359,0.209706568908347,0.120863357255328,0.099115525254593,0.396137751540372
"144",0.13563119306169,0.0842562892099927,0.198232662830703,0.126580869689308,0.455298985208307
"145",0.0909643845141971,0.741015816188179,0,0.0113546188780698,0.156665180419554
"146",0,0.373529581556639,0.273491435054852,0.35297898338851,0
"147",0.389498815893774,0.122735173516195,6.52186912633911e-05,0.436575548864152,0.0511252430346147
"148",0.0211238274824682,0.500684243869361,0,0.478191928648171,0
"149",0.117506700750025,0.0887297683055027,0.217409060352587,0.110869670210736,0.465484800381149
"150",0.334567412359057,0.339051952913175,0,0.326380634727768,0
"151",0.0194355786319783,0.613345137227753,0.320275859340702,0.000445858462404296,0.046497566337163
"152",0.0417131160306281,0.336350711136712,0.27571460852953,0.340619919608,0.00560164469513022
"153",0.000177804076987284,0.52759111883765,0.417394094482674,0.0121519119240313,0.0426850706786576
"154",0.149412781074326,0.389105715872852,0,0.461481503052822,0
"155",0.109146911217909,0.607690610322192,0.238171577620107,0.00335535514558928,0.041635545694203
"156",0.365778332801896,0.325589802284484,0,0.308631864913619,0
"157",0.0743664445230336,0.569222995618689,0,0,0.356410559858277
"158",0.010109277228615,0.503352049952399,0.0157612623361477,0.32168066040708,0.149096750075759
"159",0.377418968589235,0.0255913851486341,0.142092712411541,0.446103021581928,0.00879391226866202
"160",0.241464471468402,0.391455853126783,0.190315267944994,4.7989894920008e-05,0.176716417564901
"161",0.328857098264686,0.336309205884646,0.334833695850668,0,0
"162",0,0.417004090301749,0.317045557080038,0.000613081965679983,0.265337270652533
"163",0.308044312215344,0.000819955134437832,0.242562689318341,0.117401442315233,0.331171601016645
"164",0.398583323681528,0.399049882608014,0,0.202366793710458,0
"165",0.397850002512454,0.305311514892299,0,0.2239950265182,0.0728434560770475
"166",0.349171931245118,0.603522284124672,0,0,0.0473057846302094
"167",0.0196013140463737,0.523433719719239,0.0163359525480001,0.369685204634219,0.0709438090521676
"168",0.0661319460910882,0.415728984546763,0.158483718434825,0.153928825402265,0.205726525525059
"169",0.296978554501733,0.360756150199501,0.0236609902538522,0.131751656848647,0.186852648196267
"170",0,0.466017263249697,0,0.466017263249697,0.0679654735006055
"171",0.00807258724012067,0.416591168067519,0.394300538853729,0.00174795929447417,0.179287746544158
"172",0.381478585735078,0.387410139126195,0.214165720650139,0.000139668636249865,0.0168058858523382
"173",0.258745463084068,0.625809122883613,0.0101656396360445,0.104559171824991,0.000720602571283379
"174",0.202233510314236,0.797766489685764,0,0,0
"175",0.101461909197768,0.430234519850884,5.22776796788089e-07,0.464800214330898,0.00350283384365447
"176",0,0.636605177587304,0.115299519289385,0,0.248095303123311
"177",0.149362365766421,0.22225976418671,0.178201637273423,0.0601488495651194,0.390027383208327
"178",0.163397929878109,0.239082092769179,0.182954225164461,0.00826011456527076,0.40630563762298
"179",0.123391757589004,0.0570237726617737,0.228150863794065,0.126719714473121,0.464713891482036
"180",0.5,0,0,0.5,0
"181",0.120562568169964,0.115259648878331,0.247047697073068,0.0735036107627092,0.443626475115927
"182",0.000110345100413865,0.429943796121203,0.0119077155302344,0.372714069245309,0.18532407400284
"183",0.18853481790178,0.188367743151081,0,0.623097438947139,0
"184",0.00417320246355527,0.461415573471879,0.0111823064268452,0.522732186255953,0.000496731381766965
"185",0.0303713964943901,0.615899429465163,0.345106886749035,0,0.0086222872914124
"186",0,0.5,0,0.5,0
"187",0.284882183833377,0.250250052628884,0.339570865695152,0.125296897842587,0
"188",0.100001932355004,0.133922265741309,0.211990865409598,0.11865958704515,0.43542534944894
"189",0.312532342721492,0.227171274038411,0.366837910827947,0.0934584724121499,0
"190",0.436472856010296,0.507161271970524,0.0490544667211137,0.00731140529806601,0
"191",0.137361729872285,0.132052709697528,0.17540920687604,0.130852779338109,0.424323574216038
"192",0.37105633561466,0.193732513655931,0.0995957628783045,0.335615387851104,0
"193",0.40088800212563,0.515567605634346,0.0473197086999234,0.0362246835401004,0
"194",0.292343763923658,0.123499264620523,0.108436920572371,0.310213375140086,0.165506675743361
"195",0.413214156425464,0.0944779036517228,0.000996774152501845,0.383900371548091,0.10741079422222
"196",0.259953579844766,0.314228511719422,0.00599981459169705,0.419818093844115,0
"197",0.195572790766355,0.076170001300992,0.228985924612492,0.0558146205317921,0.443456662788369
"198",0.0681406198050383,0.485318381190557,0,0.234281687726463,0.212259311277942
"199",0.0797667584718237,0.442871165681115,0.162637545588887,0.000962281141316916,0.313762249116858
"200",0.0551494960278532,0.211601067042967,0.197200844057503,0.536048592871677,0
"201",0.188957234028607,0.447572349293153,0.0281579525412976,0.230125771967256,0.105186692169686
"202",0.417467048657511,0.48772778125545,0.0948051700870387,0,0
"203",0.33280791234962,0.409455156437966,0.0941010093189872,0,0.163635921893427
"204",0.000304308250500405,0.332305969802531,0.318305514995558,0.109291822611241,0.23979238434017
"205",0,0.548295047993453,0.248280701466989,0.0553625760815984,0.14806167445796
"206",0.0529996699386983,0.38093506589619,0.0919665444696932,0.140809139929551,0.333289579765867
"207",0.100758099430223,0.431889445506904,0.114732680601352,0.351247304281379,0.00137247018014173
"208",0.0175856126273874,0.453829364428903,0.0843704356886013,0.444214587255109,0
"209",0.110369962893352,0.348467550649748,0.132771174549453,0.389566321575122,0.0188249903323254
"210",0.063679987215834,0.1627243477298,0.180039619776445,0.161141922157199,0.432414123120722
"211",0.0621817055746962,0.466937615751426,0,0.470880678673878,0
"212",0.227532236743408,0.0813819845337577,0.122974151355912,0.209133525234969,0.358978102131954
"213",0.464498775413565,0.465064954373774,0.0173363997943071,0,0.0530998704183539
"214",0.0738106188419397,0.531480162940423,0.105767285553388,0.0451318992286011,0.243810033435648
"215",0.150565002841606,0.278078574968737,0.136412668267923,0.151998864847772,0.282944889073962
"216",0.206399075269689,0.709043275744201,0.0807468165198235,0.00278809468271521,0.00102273778357104
"217",0.304052084204828,0.289722918082099,0.139996684884796,0.0527984212202278,0.213429891608049
"218",0.359233198584788,0.511054049318688,0,0.12641710992449,0.0032956421720344
"219",0.073334501172863,0.427472382231059,0.130307059712428,0.020482860676309,0.348403196207341
"220",0.271344042599382,0.183830839597342,0.230510933586557,0.314314184216718,0
"221",0.451313436843792,0.388788131165912,0.0665912676620718,0.0921235298171475,0.00118363451107728
"222",0.141711290861189,0.0359996804470571,0.227493701923741,0.130179842828101,0.464615483939912
"223",0.207325427274783,0.415637405374561,0.181646079336078,0,0.195391088014578
"224",0.223536252628701,0.327464626024772,0.000332540853204215,0.411950059694931,0.0367165207983915
"225",0.110887044762191,0.107619097861201,0.227776180252247,0.0884436065973397,0.465274070527022
"226",0.0937767540722302,0.400237454200386,0.208921730233733,0,0.297064061493651
"227",0.36895653613372,0.262278082945481,0,0.368765380920799,0
"228",0.392708484146084,0.533873680682602,0.0588209052493846,0.0145969299219302,0
"229",0.122627117849078,0.304382788145949,0.148889480270092,0.335000891089254,0.0890997226456275
"230",0.358844709906875,0.358844709906875,0.0568107756582467,0,0.225499804528004
"231",0,0.386948340924858,0.226176067831983,0,0.386875591243159
"232",0,0.405329486877167,0,0.405329486877167,0.189341026245665
"233",0.000973647541395039,0.751277171460825,0,0.197723835761063,0.0500253452367169
"234",0.102582114803814,0.106361571023536,0.160450888100115,0.249728838468312,0.380876587604223
"235",0.000202959951133764,0.672390917768738,0.265534977266448,0,0.0618711450136797
"236",0,1,0,0,0
"237",0,0.5,0.5,0,0
"238",0.197352300431039,0.47294853985908,0.294195573013792,0.0050095849728302,0.030494001723259
"239",0,0.458747689173379,0.0825046216532429,0.458747689173379,0
"240",0.29488735484962,0.289620174394252,0.293502452298334,0,0.121990018457793
"241",0.158096246712885,0.446728539674413,0.146774038230355,0.247729771022081,0.000671404360266456
"242",0.125011247275726,0.0471607443161087,0.229210851362425,0.130791685125245,0.467825471920494
"243",0.435300631036099,0.448131813528685,0.105235031416294,0.0113325240189218,0
"244",0.409096900343413,0.399464496555699,0.0239042419129698,0.167534361187918,0
"245",0.2662079340162,0.467717626039498,0.071849430245723,0.194225009698579,0
"246",0.5,0,0,0.5,0
"247",0.357130844452576,0.285782141324966,0,0.357087014222458,0
"248",0.1492564683258,0.102208284217914,0.269732593236383,0.0705430039554088,0.408259650264494
"249",0.293849221534921,0.352140953375913,0.197728461709039,0.135359058341933,0.020922305038194
"250",0,0.486185286152964,0.458636994086268,0,0.0551777197607682
"251",0.251296829537002,0.110848684163376,0.0913989157108746,0.205153856219106,0.341301714369641
"252",0.193838193490673,0.403080903254664,0,0.403080903254664,0
"253",0,0.360576130262348,0.142705197229963,0.368131722417592,0.128586950090098
"254",0,0.272389302839329,0.326116660130859,0.401494037029812,0
"255",0.183425747919422,0.459341939797166,0.268098259681738,0.00123513954713606,0.087898913054537
"256",0.323773599029963,0.585000128223683,0,0.0849834091123152,0.00624286363403857
"257",0.395820028906092,0.396015479535377,0.181639059300413,0,0.026525432258118
"258",0.376768001728713,0.623206440812523,0,2.55574587639866e-05,0
"259",0.384304964837302,0.45639781204584,0.159297223116857,0,0
"260",0.096025480777015,0.189832551586287,0.169548816945069,0.201799840409915,0.342793310281713
"261",0.126411649424887,0.0403323364605301,0.210102678940964,0.181943833747187,0.441209501426432
"262",0.247025490672659,0.571582420666458,0,0,0.181392088660883
"263",0.110683998086819,0.39218964010683,0.26860803814565,0.228518323660701,0
"264",0.0159117450176342,0.168772014279353,0.128159170587187,0.299199932579809,0.387957137536017
"265",0.458197646504127,9.31683753946828e-05,0.0835115386163521,0.458197646504127,0
"266",0.11994811348626,0.137824502146985,0.203231109129879,0.0699320434992838,0.469064231737592
"267",0.000137393688773829,0.34591948529453,0.254865498126998,0.323641639396709,0.0754359834929887
"268",0.486739024689562,0.486739024689562,0.0250363673146461,0,0.0014855833062294
"269",0,0.39724754074936,0.20550491850128,0.39724754074936,0
"270",0.000149124216782379,0.537529308933744,0,0.462321566849474,0
"271",0.200011150708278,0.117197081733392,0.0881835449124542,0.160326415192179,0.434281807453697
"272",0.153798496623584,0.423100751688208,0,0.423100751688208,0
"273",0.615354270222239,0,0,0.368448962933129,0.0161967668446321
"274",0.240941756869098,0.0574044294781977,0.143928445232222,0.182206543319488,0.375518825100994
"275",0.450218936201409,0.214421155779598,0.124687682314782,0.210396832331409,0.000275393372801658
"276",0,0.44662870580046,0.10667167094728,0.446591615518597,0.000108007733662969
"277",0.274814240771467,0.362326037414069,0,0.362859721814464,0
"278",0.306036918829914,0.378082554316853,0.022795082378066,0.193823488377686,0.099261956097481
"279",0,0.79420935354148,0.205790646458519,0,0
"280",0.260221492832367,0.278516763672248,0.197079758214497,0.0671231882384598,0.197058797042428
"281",0.124317773189237,0.0504182539548596,0.229349917827343,0.127987759052558,0.467926295976002
"282",0.142732736710319,0.120238458090607,0.18263872400047,0.120781313136494,0.433608768062109
"283",0.000206046874812053,0.386927941725354,0.249417326942215,0.363448684457619,0
"284",0.065010622418738,0.447093908972309,0.295367952222987,0,0.192527516385966
"285",0,0.484938998116517,0,0.484938998116517,0.030122003766967
"286",0.237563688413578,0.603789667713556,0,0,0.158646643872867
"287",0.30752993206127,0.512194227844919,0.0129351191801473,0.167096345504752,0.00024437540891226
"288",0.0129074744096856,0.6036008673645,1.55939933632251e-06,0.273901373586732,0.109588725239746
"289",0,0.355702647957646,0.355130215079088,0,0.289167136963267
"290",0.318769469450177,0.608824746975655,0.0724057835741684,0,0
"291",0.108497280545245,0.289785328706658,0.0369743491679599,0.221576256817943,0.343166784762195
"292",0.1274329360445,0.119067975996619,0.211421850398557,0.0909103688115912,0.451166868748733
"293",0.196333466040164,0.350112564854867,0.161706057762128,0.0188557046017292,0.272992206741111
"294",0,0.995143849815932,0.00128107669598345,0.00131551664186188,0.00225955684622283
"295",0.316042699776027,0.368818431427613,0.315038480098493,0.000100388697867441,0
"296",0.446558445528272,0.034449421242394,0,0.518992133229334,0
"297",0.199815030083896,0.400092484958052,0,0.400092484958052,0
"298",0.159283059045111,0.000558254268198494,0.0129589469491813,0.477383649295394,0.349816090442115
"299",0.0774159394305124,0.651724220945357,0.27085983962413,0,0
"300",0.467441613398991,0,0,0.467441613398991,0.0651167732020173
"301",0.0398989180438504,0.803678582796156,0.152498465966614,0.000315798417844998,0.00360823477553403
"302",0.282012840360006,0.361227122326708,0.300005619356028,0,0.0567544179572582
"303",0.0146979510038775,0.302578243079021,0.317600359167082,0.365123446750019,0
"304",0.435147388914483,0.564852611085517,0,0,0
"305",0.000111345086536273,0.639543076800493,0,1.572375104365e-05,0.360329854361927
"306",0.300538072837637,0.443878255638188,0.0935890010788336,0.122972133106737,0.039022537338605
"307",0.432243356039972,0.430831045500689,0.136297359013676,0,0.000628239445662602
"308",0.247203456497473,0.421340929588047,0.00127962372597127,0.107359672127382,0.222816318061126
"309",0,0.563393590627957,0.23455738730639,0,0.202049022065653
"310",0.0488604646106285,0.246618201549584,0.0214802086161956,0.40760404599162,0.275437079231972
"311",0.33644123418928,0.399446154062168,0,0.234359124171438,0.0297534875771131
"312",0,0.42274982105263,0.0149314598563373,0.42274982105263,0.139568898038403
"313",0.026772979887483,0.778843122290853,0.0160506970130347,0.00495904406818702,0.173374156740442
"314",0.140622985264024,0.0613315344053743,0.178261100357,0.228068896988599,0.391715482985003
"315",0.0417808734383484,0.680116397983809,0.00445631197391527,0.17623105605126,0.0974153605526673
"316",0.1309874192166,0.0312126396777632,0.20720513257727,0.197008545481077,0.433586263047289
"317",0.208792071195872,0.458893530318783,0.13347319204489,0.0733414817829422,0.125499724657512
"318",0,0.498653561032856,0.00100714389014988,0.498653561032856,0.00168573404413749
"319",0,0.559702345844449,0,0,0.440297654155551
"320",0.36583514393492,0.280355569106279,0,0.352191444773495,0.00161784218530704
"321",0.056898583590127,0.506388261694103,0.0682149631187481,0.333881054782022,0.0346171368149996
"322",0.345797177807689,0.354531533394153,0.0521835841072083,0.246994941938036,0.000492762752913253
"323",0,0.5,0,0.5,0
"324",0,0.414839710389977,0.408041672720814,0.17615702138475,0.000961595504458989
"325",0.0713210626484038,0.269530723632933,0.242526835817076,0.265189616369798,0.151431761531789
"326",0.0243045154503926,0.496783582487174,0.00279422762075894,0.473571996062236,0.0025456783794382
"327",0,0.428873625970543,0.149491966167646,0.340968782462615,0.0806656253991966
"328",0.233370770774979,0.200417788254199,0.0774212423150384,0.317791852736922,0.170998345918862
"329",0.641919572533219,0.102330963225743,0,0.255749464241038,0
"330",0.871983009313215,0,0.128016990686785,0,0
"331",0,0.42979311834259,0,0.429860778797827,0.140346102859583
"332",0.000752319026334503,0.481066364685313,0.00253974118055521,0.282285463309613,0.233356111798185
"333",0.492906719770688,0.492761965795229,0.00213950143669606,0,0.0121918129973874
"334",0.431992357579507,0.431992357579507,0,0,0.136015284840987
"335",0.0713610854234268,0.469672663001384,0.0177502174474812,0.440746456268089,0.000469577859619019
"336",0.381656381831408,0.000688311041794364,0.0902969444575777,0.42546734601106,0.101891016658161
"337",0.444633615954428,0.00044872024635776,0.0828614370528365,0.444759202395737,0.0272970243506408
"338",0.00046825477965632,0.420766776554523,0.1643626021142,0.00104043798852275,0.413361928563098
"339",0.0928116013044826,0.257406373751424,0.114325997331642,0.320596075013632,0.214859952598819
"340",0.134962517365915,0.0702692006881801,0.202404503869694,0.161427437507146,0.430936340569065
"341",0.144025452721436,0.1055064087728,0.142445404621178,0.219713659599163,0.388309074285424
"342",0.000827105550005524,0.262378601580435,0.310051108571644,0.164130577647835,0.26261260665008
"343",0.49097890042085,0.49097890042085,0.000164623699067635,0,0.0178775754592332
"344",0,0.420828951642599,0.155601110148454,0.00286276729096634,0.420707170917981
"345",0.127270602988911,0.0997307993471792,0.217329896683136,0.111772987848842,0.443895713131933
"346",0.0987177930937929,0.438146951172129,0.123093156341863,0.340004711751399,3.73876408158266e-05
"347",0,0.490550872119822,0.213069258930941,0.232720024642286,0.0636598443069518
"348",0.10553211435634,0.487015365922981,0.298310253644418,0.0899846763752953,0.0191575897009652
"349",0.001275143088279,0.499195260498571,0.00012609614075761,0.499369297731544,3.42025408482084e-05
"350",0.175649414771685,0.472428386455174,0.348648790798951,0.00313666927143337,0.000136738702756503
"351",0.306227753882873,0.343051866259305,0,0.34417781293518,0.00654256692264159
"352",0.125867336344313,0.0468915917079461,0.228493695358454,0.130061049134429,0.468686327454858
"353",0.22286288696315,0.383593701332034,0.000473996406382169,0.371094036926809,0.0219753783716253
"354",0.213646349521069,0.196105771289437,0.185872370343987,0.0892480012441907,0.315127507601316
"355",0.273134063843842,2.83749114237451e-05,0.201355252352732,0.525482308892002,0
"356",0,0.401685842453305,0.409092795288241,0.189221362258453,0
"357",0.255502402599565,0.43940869503356,0.0137099888849752,0.16342863542382,0.12795027805808
"358",0.329175651517702,0.162154733117452,0.338938328552239,0.142071091856741,0.0276601949558652
"359",0.440196056316641,0.155934311719255,0.401815002009421,0.002054629954683,0
"360",0,0.431702979125528,0.000795916999720303,0.431702979125528,0.135798124749223
"361",0.39295935106421,0.0782979188661504,0.130937162947164,0.397805567122476,0
"362",0.408020821658781,0.408020821658781,0.144212136499603,0,0.0397462201828347
"363",0.119107871672345,0.516631421778305,0.00471653790271106,0.17169443320608,0.187849735440559
"364",0.256441965820487,0.355843296185616,0.098131828027654,0.0839731541429283,0.205609755823314
"365",0.136783188305602,0.0436680455531561,0.231431501988478,0.119698578164214,0.46841868598855
"366",0.176627462279275,0.29690005856279,0.203381278673696,0.265145647559509,0.0579455529247302
"367",0.366236480521896,0.428702607012237,0.204846550029051,0,0.000214362436815182
"368",0.00518681153087522,0.0906154281969049,0.208568501085967,0.695023875277846,0.000605383908406315
"369",0.174440270665952,0.52173410779198,0.172749893763216,0.00710852371993164,0.123967204058921
"370",0.336518629564556,0.222728626730768,0.198558271407265,0.239537905116162,0.00265656718124912
"371",0.204653958743379,0.174955022578524,0.260961562284818,0.197492549662236,0.161936906731043
"372",0.292372638167618,0,0.344094155490728,0.363533206341654,0
"373",0.416349803302891,0.374978044848821,0.208045873954745,0.000626277893543407,0
"374",0.199007813440598,0.436822464476863,0.340449087906575,0,0.0237206341759636
"375",0.334629738967755,0.114015499104859,0.253659088870642,0.293478182775239,0.00421749028150523
"376",0.0422015760238284,0.479677614762233,0.0344057997837334,0.443713643790448,1.36563975762266e-06
"377",0.123301672603345,0.0993421504180939,0.165477829363129,0.201757436401908,0.410120911213523
"378",0.109785815110751,0.508153172706496,0.23919485120835,0.142198870914219,0.000667290060183851
"379",0.333778641352568,0.532169165072604,0,0.134052193574828,0
"380",0.0295462972663655,0.453117523379927,0.0885946755295037,0.159054068008291,0.269687435815912
"381",0.0960568821038306,0.243069080291046,0.242683468433794,0.0172119253727399,0.40097864379859
"382",0.453178229305468,0.453178229305468,0.0936435413890635,0,0
"383",0,0.87012482239398,0,0.12987517760602,0
"384",0.12214440128564,0.0456151937909863,0.223448486390083,0.140843490850359,0.467948427682932
"385",0.333333333333333,0.333333333333333,0.333333333333333,0,0
"386",0.216145891518386,0.382482542753547,0.107633201634947,0,0.293738364093119
"387",0.0646237128191426,0.302663641456322,0.0305788221935894,0.308982743129274,0.293151080401671
"388",0,0.398025465555367,0.291170532748351,0.310804001696283,0
"389",0.227634870177396,0.193694614831516,0.0455217216434452,0.236044199600857,0.297104593746786
"390",0.15052289806826,0.324625635902257,0.0553673920346697,0.469484073994814,0
"391",0.00281789367291688,0.950852557528823,0,0.0463295487982601,0
"392",0.44884395855189,0.158333160798609,0,0.392802013010331,2.08676391697822e-05
"393",0.355924249220797,0.260588302346617,0.0550958579081426,0.328391590524444,0
"394",0.0566367829758178,0.0937380539329329,0.222580289278892,0.199002598481574,0.428042275330783
"395",0.430027013460235,0.346463699742203,0.123028686855038,0.0195837331219257,0.0808968668205984
"396",0.206726004851093,0.157165109241433,0.0778130295730318,0.293262922691736,0.265032933642707
"397",0.0621385048255011,0.746357474591222,0.168312749263126,0.00640974705140443,0.0167815242687473
"398",0,0.819634833273825,0.0208187536278968,0.0945476623758185,0.0649987507224592
"399",0.25482956468548,0.329531209824459,0.0169710283917676,0.398668197098293,0
"400",0.535077570376801,0.0514038378854062,0.000167601216650555,0.326682544014844,0.086668446506298
"401",0.00094075718565254,0.432991093806653,0.183505009623905,0.335512990221985,0.0470501491618053
"402",0.192585785133712,0.390598970433888,0.131790262673008,0.285024981759392,0
"403",0,0.360162380173765,0,0.360162380173765,0.279675239652471
"404",0.5,0.5,0,0,0
"405",0,0.556969345707298,0,0.443030654292702,0
"406",0.467533019240018,0.000860062152190432,0.473478649809227,0.0571602052085093,0.000968063590055669
"407",0.219916240144128,0.0599899583796611,0,0.663668980531226,0.0564248209449848
"408",0.108788802107347,0.404375545941764,0.0739635961254844,0.0600825554286857,0.352789500396719
"409",0.0688741039065776,0.100555857490938,0.218704696674392,0.168096974978419,0.443768366949674
"410",0.114166794491073,0.850536213149321,0.00988711724084583,0.00890403380377288,0.0165058413149874
"411",0.243734173138834,0.179513003045611,0.342970815929567,0.233782007885988,0
"412",0.450880149719114,0.465007599439052,0.0837188504674325,0,0.000393400374401354
"413",0.312312637814637,0.273460027605474,0,0.414227334579888,0
"414",0.210067770254989,0.388039224992377,0.120579049170318,0.216771458928042,0.0645424966542747
"415",0.0812259625202292,0.363369651257055,0.23778462779088,0,0.317619758431836
"416",0.379321165544051,0.13994626876445,0.0608050949942291,0.220030821123858,0.199896649573412
"417",0.467837673632844,0.395290966984227,0.0519692331544102,0.0849021262285188,0
"418",0.314916700730653,0.245619340614727,0.00547211501246363,0.345543757299136,0.0884480863430213
"419",0.0553758315249571,0.360742151336186,0.175585059555878,0.393849117562251,0.0144478400207275
"420",0.15087239714321,0.429220468110402,0.161404114968871,0.000201524985967434,0.258301494791549
"421",0.00898485741529714,0.453820794492747,0,0.436274707393929,0.100919640698027
"422",0.39885727628162,0.398895273845533,0,0,0.202247449872847
"423",0.371386189859922,0.34686364165891,0.0158412353934868,0.0844392282048669,0.181469704882814
"424",0.160383871734348,0.0140684798211574,0.154192339445342,0.247119812636565,0.424235496362587
"425",0.333333333333333,0,0,0.333333333333333,0.333333333333333
"426",0.38545810954756,0.183892270976029,0.0363418152256201,0.394307804250791,0
"427",0.00204362455071206,0.36308081949544,0.271794736458409,0,0.36308081949544
"428",0.108383672079317,0.0580262277453046,0.241157430673763,0.127433522868933,0.464999146632683
"429",0.410512235144382,0.203940683634803,0.0104776129853505,0.352373096465859,0.0226963717696061
"430",0.122248333334164,0.127311730476636,0.226226996445597,0.102730455083055,0.421482484660548
"431",0.129994910044223,0.45872056423664,0.174441095152391,0.0101908380431728,0.226652592523572
"432",0.477942012285137,0.484715533341041,0.0370231529065649,0.00027438214761739,4.49193196397666e-05
"433",0.30338496754046,0.465314341184698,0.210338096531177,0.0005255098236837,0.0204370849199808
"434",0.464734532518696,0.180281751830149,0.00781998833800195,0.237676602093698,0.109487125219455
"435",0.106711911932158,0.150832963414026,0.240835853010634,0.0676221935452856,0.433997078097896
"436",0.0021424070188516,0.520988270302854,0.389878705712902,0,0.0869906169653929
"437",0.0109015538883907,0.461976365086375,0,0.445135905356743,0.0819861756684907
"438",0.268110286195545,0.472766371596091,0.0424383700181553,0.156926033848296,0.0597589383419123
"439",0,0.392809715497498,0.220745748815199,0.181751446494909,0.204693089192394
"440",0.0291781325348717,0.411766695046658,0.251891115832193,0.0196136279257123,0.287550428660565
"441",0.391122107489134,0.394795335423684,0.0127581432484491,0.201324413838733,0
"442",0.00383501827334617,0.471634999249691,0.383469676703156,0.0166230764686191,0.124437229305188
"443",0.321268491590032,0.0391394911812195,0.00171881393746121,0.487016703923126,0.150856499368161
"444",0.135398215687819,0.309328214181677,0.374127504505487,0.181146065625017,0
"445",0.141369780923423,0.0159781229454759,0.217888710801487,0.15984751894689,0.464915866382725
"446",0.320884059690902,0.462537467537603,0.216578472771495,0,0
"447",0.213118799390355,0.481262207414177,0.00670959958518157,0.298369157109218,0.000540236501068174
"448",0.0845578692178234,0.457721065391088,0,0.457721065391088,0
"449",0.207467652028624,0.665460148421967,0.00175524801853942,0.125207426630234,0.000109524900635602
"450",0.111799017986615,0.0792964592547131,0.21929271521491,0.130992407379525,0.458619400164237
"451",0.00932985840024752,0.49390326139869,0.0031895625558791,0.493577317645183,0
"452",0.5,0,0.5,0,0
"453",0.330220639730853,0.158428243683496,0,0.494999153717824,0.0163519628678275
"454",0.222459613413193,0.265648076148473,0.0602494290272563,0.45084739873182,0.000795482679257977
"455",0.118249566486135,0.396576212213204,0.121063922894838,1.68246332645289e-05,0.364093473772559
"456",0.5,0,0.5,0,0
"457",0,0.385922767388132,0.228154465223736,0.385922767388132,0
"458",0.237022020144426,0.167040457826316,0.37761767380545,0.178799629422231,0.0395202188015767
"459",0.049928490319042,0.949920991022672,0.000102213421224036,4.83052370621074e-05,0
"460",0.00114185294449188,0.43264380753008,0.430528488381939,0,0.13568585114349
"461",9.92016253481437e-05,0.891908122257989,0.00112729717532328,0.106856060860194,9.3180811458384e-06
"462",0.148554969837298,0.0586333240128714,0.218769348934241,0.120010359355566,0.454031997860023
"463",0.37430307231764,0.235387454993281,0.10144135237801,0,0.288868120311069
"464",0.518873484098626,0.13792601351208,0,0.343200502389294,0
"465",0.428518575759219,0.429671596743873,0.135786191217822,0.000629526738281818,0.00539410954080437
"466",0,0.489338492124139,0.00118303796465255,0.489338492124139,0.02013997778707
"467",0.0373532693375898,0.370756662893868,0.00149380676942445,0.372984299051123,0.217411961947995
"468",0.326809385032361,0.326809385032361,0.294183369496672,0,0.0521978604386057
"469",0.0198437312663186,0.693860232842013,0.0452351304691331,0.105921252284273,0.135139653138262
"470",0.353833085245429,0.464604135261526,0.141210409506869,0.00551001556470466,0.0348423544214718
"471",0.367767280172046,0,0.367767280172046,0.264465439655907,0
"472",0.401666608449889,0.401666608449889,0.196666783100222,0,0
"473",0.3265010602493,0.416420334001281,0.105249469619292,0.15182224802696,6.88810316700925e-06
