"","V1","V2","V3","V4","V5"
"1",0,0.356544850611198,0.0414584300792941,0.350519875287688,0.251476844021821
"2",0.0505796016505742,0.530187406573729,0.338170318825375,0.0784627241989133,0.00259994875140853
"3",0.409424910797675,0.4275521146812,0.0974975670632277,0,0.0655254074578981
"4",0.0882971895924264,0.460703721237419,0.010089064000418,0.312602304567636,0.128307720602101
"5",0.112748797040765,0.132324233544151,0.244313373992831,0.0516584217107668,0.458955173711486
"6",0.466204832628752,0.46722152622995,0.00351598558195828,0.0182757443182551,0.0447819112410852
"7",0,0.5,0.5,0,0
"8",0.0179874546487252,0.432086990434545,0.0745709993644075,0.397101682848442,0.0782528727038806
"9",0.298408471723015,0.422746565657734,0.27884496261925,0,0
"10",0.359771355813108,0.399757564338694,0.0017565693350475,0.0908113155594176,0.147903194953733
"11",0.30051615757377,0.377516078835309,0.0851914044840968,0.236683874250063,9.2484856760407e-05
"12",0.212782125406966,0.392871529931663,0.392871529931663,0.00147481472970753,0
"13",0.0598964839103029,0.425696711716646,0.220286310631779,0.140049913853384,0.154070579887889
"14",0.207653220571682,0.0187356970389945,0.162545459849924,0.207197166618243,0.403868455921156
"15",0.160366198592472,0.0549565234926634,0.163188389780412,0.186672413196088,0.434816474938364
"16",0.128918243986614,0.0454875224076697,0.228259308628992,0.130060695981755,0.46727422899497
"17",0.0173755009162707,0.152778811210036,0,0.829845687873694,0
"18",0.102540149040352,0.414173844539324,0.241063035615497,0,0.242222970804828
"19",0.0535241873919083,0.460271751443157,0.0073062494004102,0.00842524587680323,0.470472565887721
"20",0.173984952444567,0.229361298946305,0.147635042203747,0.0881156358165764,0.360903070588804
"21",0.485858598560337,0.483624818229805,0.0102843181626225,0.0026822103113287,0.0175500547359076
"22",0.275198672665045,0.622871640591287,0.00274208743314954,0.0681461085477063,0.0310414907628117
"23",0.5,0,0,0.5,0
"24",0.120777955943055,0.446232446923533,0.0202741497513565,0.412715447382055,0
"25",0.000695026484613009,0.384737518090235,0,0.372318211526068,0.242249243899084
"26",0,0.513757679454428,0.484901347261409,0,0.00134097328416304
"27",0.349800945579231,0.346044184722034,0,0.303153579074057,0.00100129062467774
"28",0.222452381533166,0.20245541172218,0.161467720301666,0.0256428880092904,0.387981598433697
"29",0.0814245740349858,0.59028144310029,0.308910353332799,0.0017596442351176,0.0176239852968075
"30",0.128657961994564,0.0526847898280968,0.228522846286679,0.126292001987626,0.463842399903033
"31",0.342719253580446,0.4969934632899,0,0.160287283129654,0
"32",0.313466289017075,0.324582331898688,0.0381481748226443,0,0.323803204261593
"33",0.117373618297569,0.227808617697325,0.154719394043578,0.0758878447023746,0.424210525259153
"34",0.162102172202307,0.0805445295828297,0,0.562236840103699,0.195116458111164
"35",0.00957961210676947,0.520681030218791,0,0.469579859619168,0.000159498055271591
"36",0.410486265055578,0.152958776096227,0.0276859564387241,0.408869002409471,0
"37",0.115486277856326,0.185705755593823,0.168856908297761,0.105241357664414,0.424709700587676
"38",0.390381024739172,0.358618183720883,0.0522635338511966,0.198737257688749,0
"39",0.032326071182623,0.45604704319185,0.133335124018278,0.345223558580717,0.0330682030265329
"40",0.393534437648813,0.393534437648813,0,0.212931124702375,0
"41",0.140315371276495,0.0386182167249249,0.234468971039858,0.122692856906303,0.46390458405242
"42",0.00615319335282442,0.301852657578196,0.235516052585084,0.0802219720561331,0.376256124427762
"43",0.362082815955916,0.28860449962859,0.0137250119753733,0.322432158508933,0.013155513931188
"44",0.404837589332176,0.405742303061427,0.0498605262288034,0,0.139559581377594
"45",0.390809353936463,0.130738694373997,0.103747587848126,0.194018541469963,0.180685822371452
"46",0.38968669096885,0.387206165595204,0.00568534032825723,0.217421803107689,0
"47",0.172486062833363,0.413756968583319,0.413756968583319,0,0
"48",0.385726954520029,0.0585752349933112,0.158552406370379,0.104288861847741,0.292856542268539
"49",0.301617011866441,0.134909357670453,0.0230030825219999,0.498635474690502,0.0418350732506051
"50",0.197805626671356,0.517787635312113,0.164870835694486,0,0.119535902322044
"51",0.0458294483034433,0.54318326173173,0.00879847903606703,0.389114030689666,0.013074780239094
"52",0.221685997309815,0.261544592211805,0.154528677256909,0.362240733221472,0
"53",0.256186023237603,0.415896952336864,0.0574591676518076,0.147072623963997,0.123385232809729
"54",0.0107386206539166,0.411634837242129,0.390347929039261,0.0984511074444567,0.088827505620237
"55",0.145597899597931,0.366518330156452,0.115060740235938,0.121641871186622,0.251181158823058
"56",0.0384797793303879,0.396570213833267,0.293042728969171,0,0.271907277867175
"57",0.329485315230866,0.642758427360301,0.0238470102743805,0.00289350947021176,0.00101573766424012
"58",0,0.499453696719386,0.00102259980313832,0.499453696719386,7.0006758088764e-05
"59",0.102513086486932,0.40847519879641,0.000102620227059303,0.212250763089236,0.276658331400362
"60",0,0.5,0,0.5,0
"61",0.0446503240176539,0.391512350376727,0.00525710335563091,0.307783564462715,0.250796657787273
"62",0.137973058318313,0.431102607514489,0.429736599812495,0,0.00118773435470259
"63",0.309922679121172,0.394729853699058,0,0.293741116055609,0.00160635112416033
"64",0.0416746988290523,0.545218813712239,0.262071683898695,0.151034803560014,0
"65",0.402535522139785,0.207850607789427,0,0.389613870070788,0
"66",0.134400320735711,0.185716885161371,0.101987474150357,0.181987915256406,0.395907404696154
"67",8.7576791205347e-05,0.854132902526599,0.00267461313561248,0.137331859732334,0.00577304781424958
"68",0.189885956648632,0.534410151757462,0,0.275703891593906,0
"69",0.110847654501378,0.418274553775731,0.12865196970475,0.34175279794169,0.000473024076450773
"70",0.0735244104399228,0.515784008856071,0.0482476327442721,0.362443947959734,0
"71",0.00323298040368864,0.545726376489708,0.2117127584496,0,0.239327884657003
"72",0.465679877642879,0.465679877642879,0,0,0.0686402447142412
"73",0.0126317051738851,0.202525789396775,0.151386038340399,0.260813768310945,0.372642698777995
"74",1.11000428756473e-05,0.71324369405487,0.171127117715215,0.0713220582644535,0.0442960299225855
"75",0.00195804049245373,0.0488563384429465,0.330610358835535,0.400632253390316,0.217943008838749
"76",0.505767097510326,0.0173154718273867,0.0641521410542625,0.412690217215705,7.50723923195569e-05
"77",7.36653886235252e-05,0.461962317929212,0,0.537964016682165,0
"78",0.362394013254932,0.30392221224701,0.000165143069564114,0.32907618921771,0.00444244221078395
"79",0.133659230343851,0.267338096067413,0.0691787541618767,0.175109959884557,0.354713959542302
"80",0.00823652929119633,0.403533926953533,0.0767760381542761,0.156688273861897,0.354765231739098
"81",0.3817649116216,0.3817649116216,0.236355281523691,0,0.000114895233109179
"82",0,0.341763751265586,0.341763751265586,0.316472497468828,0
"83",0.458113710272271,0.480747941037097,0.00579133701875492,0.00390086914487685,0.0514461425270011
"84",0.421761518647348,0.578226300345994,1.21810066580901e-05,0,0
"85",0.383212376011599,0.00158249616717551,0,0.383167342578755,0.232037785242471
"86",0.212995234139897,0.583675361432702,0.0136960032037213,0.14878226085087,0.0408511403728093
"87",0.333248007727193,0.333375996136403,0.333375996136403,0,0
"88",0.0357909181556934,0.362846892977487,0.000887908100986629,0.336594155021675,0.263880125744158
"89",0,0.522634179688735,0.331033647652327,0.000107252432994895,0.146224920225943
"90",0.126045101689797,0.373448299756311,0.172219444515676,0.000408493264161741,0.327878660774054
"91",0.000299260284745502,0.482540300368123,0.0191376185779489,0.0157311505612861,0.482291670207896
"92",0.0433598749419346,0.193876790966613,0.186446495871829,0.169405344395961,0.406911493823662
"93",0.251017015091724,0.231665193169936,0.00190613662751333,0.173634445062048,0.341777210048778
"94",0.000109120358846656,0.0934999200789959,0.00742745082851358,0.57831636920652,0.320647139527124
"95",0,0.337745788442666,0.324106699409201,0.337790518115406,0.000356994032727786
"96",0,0.363805604942654,0,0.390432479912295,0.245761915145051
"97",0,0.5,0,0.5,0
"98",0,0.450045167882763,0,0.450045167882763,0.0999096642344732
"99",0,0.50748786854553,0.361958836719422,0.0442634359847857,0.0862898587502617
"100",0.186535771861229,0.333608799638506,0.333608799638506,0,0.146246628861759
"101",0.153995587279312,0.155466359852785,0.396596385036376,0.293941667831527,0
"102",0.497754377922214,0.497754377922214,0.00449124415557142,0,0
"103",0.28587232740362,0.43773474312726,0.00610238691203642,0.237843644207403,0.0324468983496802
"104",0.191687878703056,0.404256655433885,0.000184460906437099,0.403871004956622,0
"105",0.462908961119917,0.0998734951828505,0.206376897491884,0.230840646205348,0
"106",0.259310720009609,0.369203857338487,0.142860808556583,0.228624614095321,0
"107",0.0218734677533304,0.435468948910797,0.145115153710068,0.188116335451794,0.20942609417401
"108",0.163692472392953,0.0935345704487297,0.192839584346172,0.115445764179407,0.434487608632739
"109",0.145694246599236,0.000102811773693596,0.424081897381801,0.430121044245269,0
"110",0.194949504737497,0.431401488531132,0,0.129893619942829,0.243755386788543
"111",0.308081074467477,0.379201773041373,0.138118393799248,0.112575696237648,0.0620230624542543
"112",0.188968629480469,0.606854945422448,0.179441775694791,0.0226767545123531,0.00205789488993865
"113",0,0.420001758016931,0.0698932756006649,0.503542186734147,0.00656277964825701
"114",0.0246167427784811,0.398093310766477,0.059625292113345,0.512213536073862,0.00545111826783527
"115",0.164058349231605,0.239013818101117,0.107971570437514,0.295307991302464,0.1936482709273
"116",0.0876068434572214,0.23382535371987,0.109650422427899,0.16771006799457,0.40120731240044
"117",0.403183003309934,0.40591267481541,0,0.185518261287528,0.00538606058712781
"118",0.000660361982396289,0.440943393324131,0.130667193822685,0.427029876900035,0.000699173970753678
"119",0.0400834367289459,0.571514223101253,0.237180481841691,0.000176275460999546,0.15104558286711
"120",0.106888606617598,0.10062011173153,0.216442348565778,0.124578773477904,0.45147015960719
"121",0.141730815960365,0.0468460372491308,0.223354016890241,0.129845794796146,0.458223335104118
"122",0.00511487671385386,0.596560673444615,0,0.398324449841531,0
"123",0.168045867235669,0.306718235903274,0.276544644674928,0.00791105674448244,0.240780195441646
"124",0.109888418815088,0.0176344872129226,0.305776780000204,0.565995926843069,0.000704387128716957
"125",0.00268106780916873,0.414238928525624,0.170842923460738,0.410231610297732,0.00200546990673749
"126",0.216654388502105,0.128159884846024,0.0588478121815598,0.217890879700289,0.378447034770023
"127",0.304461185253709,0.0972630520480584,0.351185227848007,0.237340193317034,0.0097503415331916
"128",0.107168189323662,0.0760310486476034,0.213671050680204,0.168992118310344,0.434137593038187
"129",0.0458493099040745,0.477075345047963,0,0,0.477075345047963
"130",0.16478227679398,0.337056735615823,0.00831067909300885,0.245734726876048,0.24411558162114
"131",0.191818678337834,0.00883583112497672,0.17471997667866,0.296334010832686,0.328291503025843
"132",0,0.484528182641888,0,0.484528182641888,0.0309436347162249
"133",0.057135380390253,0.570855485418764,0.217672395398599,0,0.154336738792384
"134",0.297781751055018,0.404466338594806,0,8.24767216254487e-05,0.29766943362855
"135",0.302179222847273,0.559743780077264,0.0640495168720134,0.0530681799755959,0.0209593002278531
"136",0.12757983079799,0.045452206852699,0.229051890174459,0.130256345821569,0.467659726353284
"137",0.444479736964513,0.555512536409886,7.72662560157763e-06,0,0
"138",0.259486074167059,0.400462864839382,0.326792076517499,0.0132589844760599,0
"139",0.0571374251857301,0.513375999196138,0.00201370984107061,0.383853610286464,0.0436192554905979
"140",0.146961139415954,0.390011988529901,0.121294635068592,0.00423839655126348,0.337493840434289
"141",0.366197961116838,0.469121059812808,0.0650977627633031,0,0.0995832163070511
"142",0.111268757661357,0.444385899739246,0,0.444345342599397,0
"143",0.172320122239058,0.208561922586118,0.120602732650587,0.100944087691522,0.397571134832716
"144",0.133368715679882,0.0829869726059295,0.199322656713177,0.127631285606499,0.456690369394512
"145",0.087593200537277,0.745902940736708,0,0.00911159301479181,0.157392265711223
"146",0,0.375542245138732,0.274770918160124,0.349686836701144,0
"147",0.384531991466772,0.131204637271897,4.03766101951894e-05,0.43356540365138,0.0506575909997563
"148",0.0221934793897045,0.50189759801296,0,0.475908922597335,0
"149",0.117064237630437,0.0884890696284444,0.217217518238334,0.111781022492878,0.465448152009906
"150",0.334563368131325,0.340070589466811,0,0.325366042401864,0
"151",0.025205001069333,0.610328812274154,0.319395371796194,0.000260431378200309,0.044810383482118
"152",0.0352906540163412,0.336756591525198,0.274245233179299,0.347120758284249,0.0065867629949123
"153",0.000231727100302198,0.526109672179583,0.420945802087881,0.00956608186207584,0.0431467167701583
"154",0.15028449853491,0.387349740908243,0,0.462365760556846,0
"155",0.107951002725955,0.607120280478002,0.241820303424266,0.00377033475200658,0.0393380786197703
"156",0.365956021889861,0.325396808996011,0,0.308647169114128,0
"157",0.0744932129859932,0.569336580589161,0,0,0.356170206424845
"158",0.00946962371019501,0.505864412962894,0.0184042828171342,0.318229266192772,0.148032414317005
"159",0.377021744186599,0.0240371602778897,0.144392583559158,0.444360817172411,0.0101876948039425
"160",0.241234732318826,0.391317817125933,0.191241456887386,0.00024072477371577,0.175965268894139
"161",0.329075103632616,0.336120265622928,0.334804630744455,0,0
"162",0,0.418182770953508,0.317895451518281,0.000590088971960691,0.263331688556251
"163",0.310221532465923,0.000315181129146562,0.242543896334825,0.116899576150963,0.330019813919143
"164",0.399174627701207,0.399847696271893,0,0.2009776760269,0
"165",0.397537160202741,0.308097260694775,0,0.223037468892877,0.0713281102096069
"166",0.349680951938723,0.601165466277476,0,0,0.0491535817838005
"167",0.0191795527535797,0.512610272379257,0.013078192385013,0.388793763651694,0.0663382188304559
"168",0.065253410264375,0.406927777638329,0.164633311624209,0.161913985294219,0.201271515178869
"169",0.297151951269489,0.357844654626252,0.0241105143373937,0.131166275158888,0.189726604607977
"170",0,0.465726363962113,0,0.465726363962113,0.0685472720757749
"171",0.00889134498443474,0.418155283380687,0.393210550274521,0.00289909688881569,0.176843724471542
"172",0.382000029776088,0.389104019043243,0.213979048316971,0.000179728698902752,0.0147371741647951
"173",0.260546575577705,0.626393224776597,0.0104641822989628,0.101924624157093,0.00067139318964284
"174",0.200333720312703,0.799666279687297,0,0,0
"175",0.103597173275139,0.429047763981514,0,0.463561345886679,0.00379371685666807
"176",0,0.63685287866706,0.115552122630246,0,0.247594998702694
"177",0.146175492102225,0.230399711000061,0.173662577499536,0.0629932643251638,0.386768955073015
"178",0.164216227259557,0.239079777550521,0.183047363884123,0.00821351614753066,0.405443115158269
"179",0.123024717918952,0.0564102210320705,0.228210789001825,0.127740835437602,0.46461343660955
"180",0.5,0,0,0.5,0
"181",0.121517975483511,0.113152172544859,0.244532762480488,0.07649109216248,0.444305997328662
"182",0.000432993668587651,0.432082307823181,0.0108324662910895,0.364807094381554,0.191845137835588
"183",0.187137550568044,0.190677380769496,0,0.62218506866246,0
"184",0.00533194005485353,0.460675336935779,0.0110503899404942,0.522479075574865,0.000463257494009087
"185",0.0293229402740335,0.616837178889789,0.344845482099481,0,0.00899439873669688
"186",0,0.5,0,0.5,0
"187",0.283805168858015,0.254355197874566,0.335799478718706,0.126040154548712,0
"188",0.100582465877683,0.131081294935751,0.213019217919143,0.118582197733573,0.43673482353385
"189",0.315929200554748,0.225349982644593,0.366917115924422,0.0918037008762368,0
"190",0.437100935085696,0.510480565723089,0.0472374756026103,0.00518102358860525,0
"191",0.136512862627919,0.133815101794587,0.174177174677261,0.131794661826489,0.423700199073744
"192",0.371215532636563,0.194622509096421,0.100258399643722,0.333903558623293,0
"193",0.399065801776762,0.515263576681779,0.045157940294398,0.0405126812470607,0
"194",0.287292502655904,0.128998803852331,0.107475386652167,0.304185045374788,0.17204826146481
"195",0.415314691030643,0.0971781908029616,0.00151332208375453,0.384564669912802,0.101429126169839
"196",0.25756027674989,0.318405446759512,0.00656925286631666,0.417465023624282,0
"197",0.195693541853819,0.0735231453520704,0.230459393486042,0.0560855662385891,0.44423835306948
"198",0.0723143582328037,0.48999698065816,0,0.222104489433527,0.215584171675509
"199",0.0793044261513182,0.443782358689566,0.163700208400149,0.00109601340461069,0.312116993354356
"200",0.0525958869109833,0.199277853126908,0.204532561213183,0.543593698748926,0
"201",0.184444254540185,0.448833670679611,0.0297346095816161,0.231014669619957,0.105972795578631
"202",0.418379387750968,0.485212267922909,0.0964083443261228,0,0
"203",0.330771246959497,0.409219115375379,0.0953374467282657,0,0.164672190936858
"204",0.000472546634804657,0.335504545854963,0.317909570068318,0.109139011993716,0.236974325448198
"205",0,0.550881624780863,0.24712942583629,0.0495217826737489,0.152467166709098
"206",0.0496677532326909,0.384873027379227,0.0934543281761745,0.136913692210422,0.335091199001486
"207",0.104549030869547,0.432000560128506,0.109065380260315,0.349863326846669,0.00452170189496346
"208",0.0182941671825051,0.453525957708745,0.0844334233503169,0.443746451758433,0
"209",0.110344085777869,0.348662234101334,0.133518501539927,0.387546940491372,0.0199282380894974
"210",0.0627405017412284,0.161331007163582,0.179383220469949,0.165125356867089,0.431419913758152
"211",0.0614239910046585,0.467028270385631,0,0.471547738609711,0
"212",0.228222801354148,0.0831907405834345,0.122488085433973,0.208895865543929,0.357202507084516
"213",0.461857572462227,0.462678689167896,0.0169756512637041,0,0.0584880871061733
"214",0.0695240337099684,0.541233090452293,0.105574771843435,0.0485114457756545,0.23515665821865
"215",0.150696054924614,0.274263773328991,0.136727181638349,0.152780414174109,0.285532575933938
"216",0.211911474161456,0.703272192145784,0.0802345925552799,0.00304884533553857,0.00153289580194117
"217",0.304796257337272,0.301308819040464,0.143032928674105,0.045037745117433,0.205824249830725
"218",0.359057244653051,0.5110214425155,0,0.126904781617917,0.00301653121353189
"219",0.0723605070201021,0.431407383000429,0.12747787160665,0.0198966461225001,0.348857592250319
"220",0.270591689584786,0.184877629586022,0.230153932080286,0.314376748748906,0
"221",0.447540863891316,0.397285798819409,0.0669598734071163,0.0837284310849141,0.00448503279724459
"222",0.142052388684546,0.0349250574951018,0.228231746272605,0.129815032561021,0.464975774986727
"223",0.207416897876877,0.415526613147375,0.181684801608102,0,0.195371687367646
"224",0.219643873514831,0.328706221446254,0.000552821306362392,0.4120090201547,0.0390880635778519
"225",0.109555967372549,0.105967336437653,0.227298706593024,0.0915230517857471,0.465654937811026
"226",0.0942053764301264,0.400080647348821,0.209274103498451,0,0.296439872722602
"227",0.368637404247337,0.263048762776507,3.54026596219656e-06,0.368310292710193,0
"228",0.39038211880605,0.534409578078686,0.0622554025926908,0.0129529005225727,0
"229",0.119842892226014,0.305929686653455,0.151067717259097,0.336190498139342,0.0869692057220917
"230",0.358964735412311,0.358964735412311,0.0567458386954127,0,0.225324690479964
"231",0,0.386994414066828,0.226112453820422,0,0.38689313211275
"232",0,0.404807184931896,0,0.404807184931896,0.190385630136209
"233",0.000127201028493551,0.759485229540851,0,0.190912084559343,0.049475484871312
"234",0.101406906753432,0.11109994671125,0.162936303249749,0.244513154901081,0.380043688384489
"235",0,0.665542747723426,0.270467185716667,0,0.0639900665599073
"236",0,1,0,0,0
"237",0,0.5,0.5,0,0
"238",0.196706743148594,0.473367748192615,0.298496274499637,0.00499960311624121,0.0264296310429134
"239",0,0.458740649753796,0.0825187004924073,0.458740649753796,0
"240",0.294692550820298,0.288942002771833,0.293238472999959,0,0.12312697340791
"241",0.157213576695862,0.448218732100641,0.147174319196384,0.246708627766052,0.000684744241060726
"242",0.124935593891354,0.0470968613822888,0.22922836996808,0.130902102174375,0.467837072583903
"243",0.435072521444453,0.447581342073536,0.105184421317946,0.0121617151640651,0
"244",0.409021562370058,0.40008399438267,0.0245025768692874,0.166391866377985,0
"245",0.26583548820504,0.469347394591568,0.0740422803536651,0.190774836849727,0
"246",0.5,0,0,0.5,0
"247",0.357211871748114,0.285325685294518,8.87170806576564e-05,0.357373725876711,0
"248",0.156732724628476,0.106993780688599,0.26403833729809,0.0681963705468188,0.404038786838015
"249",0.294197666245673,0.341907246815491,0.204922857586131,0.136165092822749,0.0228071365299561
"250",0,0.486284160481185,0.457873890493906,0,0.0558419490249088
"251",0.250193715360504,0.108575125736868,0.0926842772586085,0.204292929664082,0.344253951979938
"252",0.19273783455995,0.403641954026051,0,0.403620211413998,0
"253",0,0.356663654174724,0.145423555269309,0.368074233394682,0.129838557161284
"254",0,0.272744820870681,0.326008553342496,0.401246625786823,0
"255",0.18264502048029,0.460214167923954,0.268987009534196,0.000683474317182183,0.0874703277443776
"256",0.323210801974743,0.584243500982907,0,0.0857375330265622,0.0068081640157879
"257",0.395325604638109,0.395325604638109,0.181758813576155,0,0.0275899771476269
"258",0.377124002545983,0.622838613377733,0,3.73840762837975e-05,0
"259",0.385165874253775,0.456276060586179,0.158558065160047,0,0
"260",0.0902526565839609,0.192657297122025,0.169879744959224,0.204179875095075,0.343030426239715
"261",0.126428700796725,0.0385292289629144,0.21000221847286,0.183775945786142,0.441263905981359
"262",0.252608484458481,0.56932408810278,0,0,0.178067427438739
"263",0.111049200065325,0.39209480020061,0.268134138015186,0.22872186171888,0
"264",0.0187781433618983,0.172433801618276,0.127408536005484,0.295240501874336,0.386139017140006
"265",0.457537338838858,0.000147835061424781,0.0847774872608585,0.457537338838858,0
"266",0.119877077711167,0.139503943154235,0.202614826172163,0.0689683633159036,0.469035789646531
"267",0.000192541248878636,0.347222620887847,0.25798844861113,0.321363073902023,0.0732333153501217
"268",0.487062768135817,0.487062768135817,0.0249024608673854,0,0.000972002860981164
"269",0,0.397330669078393,0.205338661843214,0.397330669078393,0
"270",0.000360611495370541,0.536940144174033,0,0.462699244330597,0
"271",0.20209051316869,0.114403499083372,0.0864127129249337,0.162624584523924,0.43446869029908
"272",0.154656014539495,0.422655631042065,3.27233763743126e-05,0.422655631042065,0
"273",0.617206640352201,0,0,0.368026872580951,0.0147664870668481
"274",0.24157110085208,0.0562312039032602,0.143641435218816,0.182772246159157,0.375784013866687
"275",0.454758936674553,0.208862286506518,0.128297024826319,0.207583916996232,0.000497834996378459
"276",0,0.446480863737989,0.106865428212706,0.446480863737989,0.000172844311316069
"277",0.273942733206452,0.362689692998797,0,0.363367573794751,0
"278",0.31116060371901,0.375153137076085,0.0216290065130393,0.200322877115518,0.0917343755763474
"279",0,0.795669577565837,0.204330422434163,0,0
"280",0.261359811703115,0.27921191982031,0.19739787118116,0.0672246377274733,0.194805759567942
"281",0.124118085203027,0.05057458333858,0.229145379563224,0.128299876974761,0.467862074920409
"282",0.143534600098406,0.123273137872101,0.180048179160171,0.119679566548356,0.433464516320965
"283",0.000352161696254255,0.385909078163222,0.247291736926557,0.366447023213966,0
"284",0.0655423770001168,0.447109207479625,0.296452101849679,0,0.190896313670579
"285",0,0.484794787505327,0,0.484794787505327,0.0304104249893454
"286",0.237242852763581,0.603796339881835,0,0,0.158960807354583
"287",0.309515895637581,0.513099945506652,0.0142499968372205,0.1629573546146,0.000176807403946157
"288",0.012416520659826,0.606497447223528,0,0.271449538181742,0.109636493934905
"289",0,0.355792218014581,0.355144380850541,0,0.289063401134878
"290",0.318275811186615,0.609086308932816,0.072637879880569,0,0
"291",0.100602535835154,0.289762246623952,0.0369919332703374,0.233470076219574,0.339173208050982
"292",0.126829658011603,0.118898867919156,0.211465988615992,0.091591155816407,0.451214329636842
"293",0.193697281815527,0.354534569798916,0.162700041749316,0.01667727873843,0.272390827897811
"294",0.000317666910455428,0.99456581253799,0.00165638360885888,0.000275328837722829,0.00318480810497318
"295",0.319012851405977,0.367787123945009,0.313099269441076,0.000100755207938044,0
"296",0.445053423837663,0.0335514630764099,0,0.521395113085927,0
"297",0.198686910834237,0.400656544582882,0,0.400656544582882,0
"298",0.159656324010605,0.000510558460374171,0.0148985518878858,0.474062774462538,0.350871791178597
"299",0.0828481310129512,0.646376710209601,0.270775158777448,0,0
"300",0.466393885264977,0,0,0.466393885264977,0.0672122294700459
"301",0.0358892694692249,0.811984137790163,0.148020897444158,0.000551819018355976,0.00355387627809824
"302",0.286874706450161,0.35713440769091,0.301289809757691,0,0.0547010761012383
"303",0.0117244061576562,0.302215538239546,0.314928240655241,0.371093811357209,3.80035903487273e-05
"304",0.435686753669612,0.564313246330388,0,0,0
"305",0,0.643077444947856,0,0.000299869322626156,0.356622685729518
"306",0.307568093139591,0.44228798708264,0.0945659233662341,0.11750281242464,0.0380751839868952
"307",0.431442376269112,0.430253002417503,0.137589673982768,0,0.000714947330616984
"308",0.246370857551215,0.415945729596271,0.00143541165871932,0.111166164378294,0.225081836815501
"309",0,0.563024253089934,0.233876186113808,0,0.203099560796257
"310",0.0476268669207535,0.24525207227924,0.0219357253051647,0.409461960354563,0.275723375140278
"311",0.338066429948634,0.400031704154289,0,0.232435394042612,0.0294664718544652
"312",0,0.42384890943935,0.0145311919615592,0.42384890943935,0.137770989159741
"313",0.0164276730564244,0.793825947756551,0.0133486977260002,0.00304898090788103,0.173348700553144
"314",0.143431094921339,0.0658170024141567,0.178059639956401,0.219880429872685,0.392811832835418
"315",0.0380710467834076,0.686047088342958,0.00510676909213839,0.176592372641217,0.0941827231402788
"316",0.131672200989992,0.0331176918901374,0.2064881131291,0.195289936689732,0.433432057301038
"317",0.210429331357896,0.45977290157478,0.133760349697875,0.0688020796069422,0.127235337762507
"318",0,0.498793425239939,0.00100853871125529,0.498793425239939,0.00140461080886733
"319",0,0.560293851494426,0,0,0.439706148505574
"320",0.368102393686836,0.277822769556683,0,0.35269088772307,0.00138394903341168
"321",0.0638115838925146,0.502758096394806,0.0683148365651113,0.331601187571744,0.0335142955758243
"322",0.345392518901856,0.351986431387949,0.0538143351461514,0.248172708500818,0.000634006063225406
"323",0.000198983491024016,0.499900508254488,0,0.499900508254488,0
"324",0.000428711408503027,0.421412142368961,0.413337969215005,0.163661894146063,0.00115928286146898
"325",0.0721831274356736,0.266607984971695,0.241072840491204,0.262193122181061,0.157942924920366
"326",0.0253646970387386,0.497238832757797,0.00302137371596066,0.47160445745947,0.00277063902803336
"327",0,0.428761989533764,0.149474439832482,0.341345977637245,0.0804175929965089
"328",0.230887180768703,0.20267063306677,0.0776125293206085,0.317779527550898,0.171050129293021
"329",0.648440721553687,0.100859896429367,0,0.250407530222837,0.000291851794109167
"330",0.871719666199046,0,0.128280333800954,0,0
"331",0,0.429770565667077,0,0.429770565667077,0.140458868665847
"332",0.000209067492680131,0.491160113085704,0.00138550822291718,0.273690183023137,0.233555128175562
"333",0.493387962700692,0.493387962700692,0.00197894291687594,0,0.0112451316817394
"334",0.43279448527968,0.43279448527968,0,0,0.134411029440641
"335",0.071400408164064,0.46887857318363,0.0183950495740107,0.440875373874953,0.000450595203343164
"336",0.381952013441482,0.000987996818284144,0.0919648488436196,0.421137801746161,0.103957339150453
"337",0.44493242373534,1.31905206453405e-05,0.0810248711665577,0.445366429707498,0.0286630848699592
"338",0.000439872483253754,0.418628049145734,0.16775485727422,0.00105265513496072,0.412124565961832
"339",0.0935390696521566,0.25771564043169,0.11358494974971,0.319816822947374,0.21534351721907
"340",0.135254557887019,0.0711566474338286,0.204313341853225,0.156914999063839,0.432360453762089
"341",0.144861539363663,0.108702174920246,0.141120530442765,0.2220613489012,0.383254406372126
"342",0.000196766177419996,0.268036952485003,0.312759917432375,0.161630499528706,0.257375864376496
"343",0.491164686589054,0.491164686589054,0,0,0.0176706268218921
"344",0,0.42064845245182,0.15561928098118,0.00311261058362053,0.420619655983379
"345",0.128511186360509,0.0991412625194987,0.216892120271885,0.111339531071952,0.444115899776155
"346",0.0955041345319774,0.439600252589236,0.120141717947985,0.344614218534349,0.000139676396452812
"347",0,0.490564400583104,0.214080958738861,0.231172612494292,0.0641820281837436
"348",0.104931229671933,0.487700757075237,0.297150207987755,0.0901172815648314,0.0201005237002446
"349",0.00166868680403171,0.499241164877138,0.000222754613149726,0.498867393705681,0
"350",0.172112317910318,0.475259879303272,0.348512840444253,0.00378093954166962,0.000334022800488178
"351",0.30659574400123,0.343219580733904,0,0.344230098952651,0.00595457631221483
"352",0.125710536918422,0.0471399389579891,0.228325493541539,0.130224707443397,0.468599323138654
"353",0.218784444758567,0.381059763654486,0.000640400032616554,0.376274985940527,0.0232404056138033
"354",0.212587061802315,0.198350860565529,0.185278716609549,0.0890733924188203,0.314709968603787
"355",0.270640312481724,0.000209914185901884,0.199581748927668,0.529568024404706,0
"356",0,0.399156449235391,0.405601948038997,0.195241602725612,0
"357",0.252754172010452,0.438294659558499,0.0153162550996229,0.164701719322159,0.128933194009266
"358",0.327474524518142,0.166835916512532,0.338953884607915,0.138206466065385,0.0285292082960258
"359",0.443221132884323,0.14902432414157,0.40542872839307,0.00232581458103687,0
"360",0,0.431220626070296,0.00103171281870007,0.431220626070296,0.136527035040707
"361",0.392968529853164,0.0781939039660028,0.131044023345444,0.397793542835389,0
"362",0.407685031078668,0.407685031078668,0.145245878654232,0,0.0393840591884322
"363",0.112366513782537,0.52374147714238,0.00658302762223873,0.162091045829477,0.195217935623368
"364",0.266978633314084,0.358101690362561,0.0973215222954806,0.0813663661535331,0.196231787874342
"365",0.137032667020746,0.0443600015878979,0.231308972274523,0.1190606919392,0.468237667177634
"366",0.176422716272514,0.304671045528383,0.200824192905319,0.258095420166219,0.0599866251275639
"367",0.367356077207063,0.42869524368929,0.20379486350953,0,0.000153815594116861
"368",0.00771863714576078,0.0821521085774418,0.205963924698096,0.703114035701334,0.00105129387736734
"369",0.175164849107515,0.514720077393353,0.17467732977213,0.00791887948787844,0.127518864239123
"370",0.338944368233378,0.221641104738829,0.193166027204994,0.242910611157652,0.00333788866514833
"371",0.204653207543895,0.174782311184556,0.259986998824906,0.199533728262972,0.161043754183671
"372",0.29307286819276,0,0.343578445849374,0.363348685957866,0
"373",0.416939417753042,0.372979892387176,0.208860082536995,0.00122060732278756,0
"374",0.200295112832078,0.438652871325299,0.339226185075683,0,0.0218258307669393
"375",0.334756845943242,0.118422311993276,0.253543223842767,0.290060817563849,0.00321680065686612
"376",0.0419170454102075,0.484972835524668,0.0346892307061312,0.438401447769305,1.94405896884972e-05
"377",0.120886829480921,0.100510368707092,0.163683330083011,0.207072557091009,0.407846914637967
"378",0.111302010972724,0.504373556672821,0.233567805202138,0.150197947720898,0.00055867943141901
"379",0.334220333079349,0.533160177316526,0,0.132619489604125,0
"380",0.0275863991463923,0.453632437502623,0.0921708490703173,0.161422649397618,0.26518766488305
"381",0.0962901952971432,0.241112667363863,0.242780999572415,0.0193431649578072,0.400472972808772
"382",0.452672078325592,0.452862450682012,0.0944413380589903,0,2.4132933405761e-05
"383",0,0.868469227549958,0,0.131530772450042,0
"384",0.122874896582591,0.0456265156411443,0.225336064477446,0.137953383720367,0.468209139578451
"385",0.333333333333333,0.333333333333333,0.333333333333333,0,0
"386",0.215962980673948,0.383325405587709,0.109321510497261,0,0.291390103241082
"387",0.0634072310935625,0.304278919338015,0.0290883026420174,0.310303014307372,0.292922532619033
"388",0,0.397968706022636,0.291190178586246,0.310841115391117,0
"389",0.224735216922483,0.196291281050982,0.0459166751160425,0.236565025194049,0.296491801716444
"390",0.15007891665109,0.325083339997066,0.0553065801884157,0.469531163163428,0
"391",0.00269063094886072,0.951619566505005,0,0.0456898025461339,0
"392",0.454123933019139,0.150966326329285,0,0.394817624910592,9.21157409846279e-05
"393",0.361192378028434,0.256768607011325,0.0556141985812718,0.326424816378969,0
"394",0.0586924480722949,0.0929070954168758,0.222454585341583,0.197713501837695,0.428232369331551
"395",0.430937249575842,0.350423978620365,0.121532465434553,0.0175920994410927,0.0795142069281476
"396",0.211342943974978,0.159988808880981,0.0775085595954706,0.291220565828357,0.259939121720214
"397",0.064248509856696,0.74213740749277,0.16846124010148,0.00594670961999975,0.0192061329290547
"398",0,0.816319548413241,0.0208918401891126,0.0957024883124985,0.0670861230851478
"399",0.253078507642873,0.332528905656588,0.018239260550125,0.396153326150413,0
"400",0.534186420668566,0.0536331210198497,0.000247521395276263,0.323810878013868,0.08812205890244
"401",0.000316053498721316,0.43627838449805,0.181270515905642,0.339695507353469,0.0424395387441175
"402",0.190958438635,0.39016901703034,0.133599772517184,0.285272771817476,0
"403",0,0.359955972486757,0,0.359944824172741,0.280099203340503
"404",0.5,0.5,0,0,0
"405",0.000156605387287745,0.558591625730675,0,0.441251768882037,0
"406",0.466654956676074,0,0.473241953142554,0.0584871541448405,0.00161593603653159
"407",0.211969961554177,0.0664828962612629,0,0.664930401753598,0.0566167404309616
"408",0.107007610690449,0.402631492065987,0.0747440073856216,0.0632178057313217,0.35239908412662
"409",0.0713385086364892,0.100216379660573,0.218461091058567,0.165896576869361,0.44408744377501
"410",0.106755754743936,0.855397540221112,0.0109566166373125,0.00835633329216925,0.0185337551054706
"411",0.24439857804252,0.173093454209426,0.341428978385005,0.241078989363049,0
"412",0.450145807773474,0.465477838051548,0.0839334555938656,0,0.000442898581112736
"413",0.312409260382605,0.273374297485059,0,0.414216442132336,0
"414",0.208543975159893,0.389453095891047,0.122916863417282,0.212581842985339,0.0665042225464378
"415",0.0833431895382735,0.361171234580788,0.241410042652716,0,0.314075533228223
"416",0.383653024148241,0.141304300260729,0.0606055942621768,0.215653673717338,0.198783407611516
"417",0.466480000703756,0.398879848023389,0.0513623177548065,0.0832778335180481,0
"418",0.311680347160845,0.24297424385543,0.00610757801132553,0.347350688726354,0.0918871422460449
"419",0.0503326769607887,0.360924394041382,0.178689319157233,0.394617727632317,0.0154358822082794
"420",0.150967392557257,0.430019408867141,0.160674038993451,0.000148984204759788,0.258190175377391
"421",0.00909354467410461,0.455387158962116,0,0.433916159103294,0.101603137260485
"422",0.398934772408707,0.398934772408707,0,0,0.202130455182585
"423",0.370674910195028,0.346478481582163,0.0149917191714252,0.0862668595824802,0.181588029468904
"424",0.163484846674443,0.0121244745588337,0.150353271832724,0.253191499632159,0.42084590730184
"425",0.333333333333333,0,0,0.333333333333333,0.333333333333333
"426",0.387157063600769,0.182008844178861,0.0348803055458966,0.395953786674473,0
"427",0.0021911963575286,0.363221310747315,0.271366182147841,0,0.363221310747315
"428",0.106744827775335,0.0614300136053511,0.240527497584973,0.127262665667666,0.464034995366674
"429",0.410556299272024,0.201313390242287,0.0124556389286514,0.349286947632255,0.026387723924782
"430",0.125598151091674,0.123128235755967,0.223763408804485,0.105280890039331,0.422229314308543
"431",0.126249677826364,0.466878359985258,0.175597933540499,0.0101062451482059,0.221167783499673
"432",0.475051900937656,0.483175103070178,0.0415363080802567,0.000215657053761647,2.1030858148156e-05
"433",0.3090679164784,0.458426316350537,0.214011179593281,0.000239057261810397,0.0182555303159713
"434",0.468409830499574,0.164953486909404,0.00753120950267224,0.244373712116069,0.11473176097228
"435",0.107783973767311,0.150278965952163,0.241003856514652,0.0671511658814462,0.433782037884428
"436",0.00138387584337764,0.521796243035939,0.388901469259237,0,0.0879184118614463
"437",0.01209835071643,0.462556010681971,0,0.441472318792932,0.0838733198086675
"438",0.266599231695708,0.46899094816872,0.0441594579594655,0.153982541712471,0.0662678204636356
"439",8.79045967951902e-07,0.393395512680036,0.220932734861586,0.181488666151779,0.204182207260631
"440",0.0315238993734898,0.406644259215623,0.249854097086843,0.0201285684623191,0.291849175861725
"441",0.391011470633595,0.39538060971599,0.0122759148662415,0.201332004784174,0
"442",0.0063363168528399,0.471251656560234,0.381112983422063,0.0166841727628407,0.124614870402023
"443",0.322697835250639,0.0363243539757155,0.00256489016407141,0.486604108455389,0.151808812154185
"444",0.13472788295415,0.315337662619737,0.373273922901184,0.176660531524929,0
"445",0.141736098806016,0.0168486702709553,0.217563649528843,0.159525141570472,0.464326439823714
"446",0.321591556219143,0.46139899690053,0.217009446880326,0,0
"447",0.2123639125024,0.476608332854335,0.00654905698742955,0.304240236306096,0.000238461349739006
"448",0.0844319878967154,0.457784006051642,0,0.457784006051642,0
"449",0.203308091558521,0.670007116539621,0.00119920570978111,0.125341334754989,0.000144251437087691
"450",0.109911212109379,0.0794268080722541,0.219544987963019,0.13265891179048,0.458458080064868
"451",0.00919964979337487,0.493515835650848,0.00418540689787486,0.493073388178165,2.57194797380248e-05
"452",0.499944539314829,1.39471374734127e-05,0.499944539314829,9.69742328681448e-05,0
"453",0.32902604599306,0.162256414611971,0,0.492444585443624,0.0162729539513448
"454",0.225202184173121,0.264011793765864,0.0583968487621791,0.451678893369254,0.000710279929581004
"455",0.119628106114055,0.397265234136704,0.121171172254626,0,0.361935487494615
"456",0.5,0,0.5,0,0
"457",0,0.386020362376565,0.22795927524687,0.386020362376565,0
"458",0.23508355455518,0.189333426233169,0.364319938244582,0.165564887682967,0.0456981932841015
"459",0.0483593605195446,0.951362359291655,0.000278280188800564,0,0
"460",9.94407614553358e-06,0.434117560328851,0.433541515304867,0,0.132330980290137
"461",0,0.902750508098564,0.000639025059775874,0.0963727392989322,0.00023772754272789
"462",0.148223557899537,0.0591240979557,0.218704247671697,0.119893321801255,0.454054774671811
"463",0.374951254182104,0.232054715391506,0.101926548653245,0,0.291067481773145
"464",0.521776547823246,0.132256380974728,0,0.345967071202026,0
"465",0.429162487452588,0.429652725377319,0.13461957806693,0.00122520646807142,0.00534000263509118
"466",0,0.489034179371938,0.000995415468866323,0.489034179371938,0.0209362257872568
"467",0.0416042477628621,0.371337224289682,0.00123924277283022,0.372563447866758,0.213255837307868
"468",0.327080805409855,0.327080805409855,0.29408672402924,0,0.0517516651510497
"469",0.0198031495667073,0.695463413025889,0.0430965024364858,0.10341845142271,0.138218483548208
"470",0.354640398213505,0.462669597049738,0.141277510169184,0.00647176028024663,0.0349407342873255
"471",0.368969758041592,0,0.368969758041592,0.262060483916817,0
