"","V1","V2","V3","V4","V5"
"1",0,0.474011495017694,0,0.474011495017694,0.051977009964612
"2",0.318926144969649,0.123816747825513,0.26017125779739,0.297085849407449,0
"3",0.315968171015296,0.433741842149019,0.0796010343944529,0.0345910634955339,0.136097888945699
"4",0.104113933098598,0.463549541097679,0,0.432336525803723,0
"5",0,0.36681900455847,0.306170562828358,0,0.327010432613172
"6",0.5,0.5,0,0,0
"7",0,0.5,0.5,0,0
"8",0.000820710619072048,0.452360969057778,0.0521711657768427,0.44960831060612,0.0450388439401867
"9",0.266232244373497,0.445820794211124,0.287946961415379,0,0
"10",0.126097274404041,0.112274970407402,0.173015968719914,0.160433756718172,0.428178029750472
"11",0.441021469230344,0.0186448130337541,0.403748547915134,0.000449143640436191,0.136136026180331
"12",0.0969674454784027,0.264872915851531,0.215024344598488,0.00890536136796521,0.414229932703612
"13",0.162067830157185,0.423033618766857,0.240037129319096,0.0697592512659043,0.105102170490957
"14",0.464294721419092,0.483459683234686,0.0270585522229004,0.00118702493158639,0.0240000181917354
"15",0.342644541524253,0.314710916951493,0,0.342644541524253,0
"16",0.301347706313734,0.375903765344695,0,0.322748528341571,0
"17",0.00165587956599854,0.0832263805184191,0.0344503640189851,0.681716355640967,0.198951020255631
"18",0.114649850138598,0.454567561656989,0.281276363129,0,0.149506225075413
"19",0,0.474559067708438,0,0.0535750045786528,0.471865927712909
"20",0.221495664152654,0.393020250859206,0.156258945218781,0.0265865907801654,0.202638548989194
"21",0.46107376717574,0.478843947382494,0.0360885022241564,0.0239937832176094,0
"22",0.0973132977974859,0.0179874110646949,0.168156590026947,0.29607943468894,0.420463266421932
"23",0.5,0,0,0.5,0
"24",0.0467682467206667,0.486517915517673,0,0.465358172720935,0.001355665040725
"25",0.156630558488886,0.133417213312911,0.261122413465774,0.0475764233953047,0.401253391337123
"26",0,0.63342595019564,0.352464078708232,0.0141099710961279,0
"27",0.414098080537533,0.136014605859239,0.0456464872842741,0.228413219555829,0.175827606763124
"28",0.000360951929604223,0.325449605287834,0.153061728383668,0.276176599234007,0.244951115164887
"29",0.106274181008054,0.340602704006985,0.169725492881032,0.050469338816709,0.33292828328722
"30",0.151130270735618,0.520920653739863,0.293845948233201,0.0341031272913176,0
"31",0.347871222299725,0.489597719345479,0,0.162531058354797,0
"32",0.218593913126642,0.331111373774915,0.106808764028627,0.000245193598996439,0.343240755470819
"33",0.190927574116045,0.6012615401103,0.000702070704519533,0,0.207108815069135
"34",0.000453678537107504,0.483445983228936,0,0.516100338233957,0
"35",0.0691672457110084,0.523235317092223,0,0.407597437196769,0
"36",0.410462588449488,0.149187736017103,0.0349731082696275,0.405376567263781,0
"37",0.223941132591449,0.647070924516157,0.0190941325611901,0.00155364161438088,0.108340168716823
"38",0.366125588992801,0.364621091879503,0.0162641468515924,0.252989172276104,0
"39",0.0527079403007717,0.452718997296461,0.154598706855268,0.333024836555912,0.00694951899158747
"40",0.420053071712217,0.420053071712217,0,0.159893856575567,0
"41",0.346751855554743,0,0.251180866859039,0.278680821868974,0.123386455717245
"42",0,0.416859131552392,0.271262837787268,0.138932041781999,0.172945988878342
"43",0.155091878714495,0.341685622868095,0.154540728710876,0.0973674109624962,0.251314358744037
"44",0.31036328811086,0.601777375232063,0,0.0118666714613895,0.0759926651956877
"45",0.111180804676104,0.0380649608205149,0.214881095564035,0.161253420154803,0.474619718784543
"46",0.487278645544743,0.325033810297455,0.0308767694980261,0.122454425093448,0.0343563495663292
"47",0.186040442350619,0.40697977882469,0.40697977882469,0,0
"48",0.476165007919471,0.460349316640137,0.0593518981575556,0.00320255675472527,0.000931220528111209
"49",0.249722716222307,0.433597536986289,0,0.0752512530924586,0.241428493698946
"50",0.232193483252299,0.561753767927739,0.175941726357924,0,0.0301110224620386
"51",5.09351063813625e-06,0.562426679973286,0.0749273574587887,0.362640869057287,0
"52",0.143706482494516,0.0370863698106496,0.219824029856623,0.152972550979742,0.446410566858469
"53",0.449512478938795,0.482227630168268,0.0171268221411697,0.0511330687517671,0
"54",0,0.374896221704334,0.384693005700395,0.0742567251718422,0.166154047423429
"55",0.211371738903449,0.546753645317646,0.00135140058120488,0.239533136496335,0.000990078701365088
"56",0.139102289650135,0.109165310477484,0.233674919687597,0.076245609635638,0.441811870549147
"57",0.354165590441733,0.497689833425568,0.135819004605494,0.0123255715272052,0
"58",0.00142580589757893,0.251387636841791,0.140580109144929,0.214273343262397,0.392333104853304
"59",0.169412947948976,0.492921249312944,0,0.33766580273808,0
"60",0,0.491978385704082,0,0.491978385704082,0.0160432285918367
"61",0.140108745972235,0.107705872499911,0.147454146573246,0.175171526238415,0.429559708716193
"62",0.354771545104305,0.345272269377974,0.299956185517721,0,0
"63",0.339539291812524,0.366499493647809,0,0.293961214539666,0
"64",0.030928875266563,0.555723207361743,0.260703468627787,0.152644448743907,0
"65",0.297280708535777,0.295306171513641,0,0.407147772866278,0.000265347084304003
"66",0.229119602048221,0.407883980812246,0.000168063918457255,0.35006392719917,0.0127644260219056
"67",0.10530067872424,0.134400967515198,0.200410387278017,0.109688463472814,0.450199503009731
"68",0.190512027975872,0.542804378355691,0,0.266683593668437,0
"69",0.260640797930991,0.0515076792996984,0,0.468273825981402,0.219577696787909
"70",0.0905761683900356,0.497911052343568,0.0590127749620238,0.346967889122842,0.00553211518153042
"71",0.100426424390508,0.335339513952544,0.158290914839131,0.00964204184053439,0.396301104977283
"72",0.446983593942562,0.446983593942562,0,0,0.106032812114876
"73",0,0.412771492493996,0.0638814680575723,0.412771492493996,0.110575546954435
"74",0,0.80511471254408,0.0344468955920487,0.160438391863872,0
"75",0.292080627618688,0.402524692708343,0,0,0.305394679672969
"76",0.472318649705107,0.133306071332889,0.0393353087772052,0.355039970184799,0
"77",0,0.491356707620087,0,0.508179001718777,0.000464290661136241
"78",0.348007765597101,0.40805656909659,0.00020473050592663,0.190401550286949,0.0533293845134334
"79",0.0431602524776685,0.486139511770918,0,0.470532153960732,0.000168081790681536
"80",0,0.594638513825594,0,0.344773297861201,0.0605881883132051
"81",0.394826182370884,0.394826182370884,0.210347635258231,0,0
"82",0,0.332879021500208,0.333560489249896,0.333560489249896,0
"83",0.190488655509892,0.132667722170474,0.162052278011935,0.0613266738794842,0.453464670428214
"84",0.30669176035978,0.572766773783382,0.115121342671791,0.00222575889208192,0.00319436429296529
"85",0.132187844771334,0.0401775139462458,0.22659679409783,0.132131377393772,0.468906469790817
"86",0.0935099526903816,0.502779770186902,0.0161543822282899,0.141778157264765,0.245777737629661
"87",0.333333333333333,0.333333333333333,0.333333333333333,0,0
"88",0.0362985013031766,0.433681752284634,0,0.428813659578512,0.101206086833678
"89",0.0360546308591557,0.682991390482785,0.183716605100441,0.0805891743819931,0.0166481991756245
"90",0.234861677199732,0.543593569625431,0.16716495185846,0,0.0543798013163761
"91",0.333420682531669,0,0.333158634936663,0.333420682531669,0
"92",0,0.506531532292002,0.00105361732074428,0.492303168912871,0.000111681474383361
"93",0.272932004460212,0.437669625734501,0,0.0889950483358886,0.200403321469398
"94",0.0872209050118818,0.0616883632531283,0.131680155192397,0.315546403000854,0.403864173541739
"95",0,0.356655244158154,0.25952427197029,0.356775411245017,0.027045072626539
"96",0,0.488824231389133,0,0.488824231389133,0.0223515372217345
"97",0,0.5,0,0.5,0
"98",0,0.5,0,0.5,0
"99",0,0.372591737471338,0.21002531466722,0.13030485641653,0.287078091444912
"100",0.109444523847553,0.199191330053603,0.289703233357439,0.00735608387247802,0.394304828868927
"101",0.162486858856329,0.113543310129986,0.372863405983545,0.35110642503014,0
"102",0.499909510746672,0.499909510746672,0.00018097850665616,0,0
"103",0.0650884085345828,0.462396028913648,0,0.471648211900319,0.000867350651450269
"104",0.15770540997712,0.327335738989152,0.0258911285540882,0.376279078849475,0.112788643630165
"105",0.418702977437459,0.105799939851844,0.20165059852852,0.273846484182177,0
"106",0.24471371048615,0.387693753772825,0.158301447058616,0.209291088682409,0
"107",0.00169574497761781,0.370944397783516,0.130107348611768,0.432617891394093,0.0646346172330063
"108",0.357478745973213,0.451713091095537,0.08092909157909,0.107633407040887,0.0022456643112723
"109",0.169477825292545,0,0.41157820928284,0.418943965424615,0
"110",0.243462054325711,0.455289893670886,0,0.301248052003403,0
"111",0.389278473944541,0.0776994930614562,0.057600914183679,0.475421118810324,0
"112",0.129472452485401,0.408955440083639,0.157405903046531,0.00829827153754379,0.295867932846886
"113",0,0.25320749774874,0.136566045856513,0.42391355572672,0.186312900668027
"114",0,0.305600453919248,0.0283335576148902,0.478858497999312,0.187207490466549
"115",0.125985069087781,0.069854537971848,0.226247132655463,0.115544428298011,0.462368831986897
"116",0.124381141870412,0.120712879100807,0.155078190262984,0.179259843293189,0.420567945472607
"117",0.390275792421081,0.396401141977185,0,0.212830361664691,0.000492703937043167
"118",0.000489021025767395,0.445456978453684,0.109049071223695,0.445004929296853,0
"119",0.019505933008062,0.563685870884149,0.316741456633228,0,0.100066739474562
"120",0.321243493730948,0.35584416850121,0.237526141579365,0.0015460896286144,0.0838401065598626
"121",0.339375521817145,0.339375521817145,0.321248956365711,0,0
"122",0.00400363843709827,0.603032822322652,0,0.355721292036823,0.037242247203427
"123",0.280331449476028,0.359834275261986,0.359834275261986,0,0
"124",0.0537851925676555,0.000566497262721668,0.22079106276609,0.471849462423068,0.253007784980465
"125",0.016879720974017,0.377618577555449,0.158825823528372,0.156879330914982,0.28979654702718
"126",0.468300768248834,0.268021082184197,0,0.263600282490353,7.78670766152322e-05
"127",0.116152068735283,0.397246088963176,0.444483710134081,0.0421181321674598,0
"128",0.284429567439551,0.347086056629454,0.0533169614097718,0.306654132777603,0.00851328174362003
"129",0.0596230129647821,0.471743141569386,0,0,0.468633845465832
"130",0.138426516784797,0.0388945682551741,0.241232555635288,0.107073928721447,0.474372430603294
"131",0.000771611968493367,0.401486843770487,0.16810354535731,0.24469547974605,0.18494251915766
"132",0,0.5,0,0.5,0
"133",0.0704392621610833,0.533528715205777,0.395536894422261,0.000495128210877925,0
"134",0.497573759039746,0.502024474617525,0,0,0.000401766342729114
"135",0.296026682944892,0.442049318056768,0.117965634443328,0.000333269649409157,0.143625094905602
"136",0.131208497601516,0.418783859361842,0.00510085260241815,0.42734133013677,0.0175654602974539
"137",0.426585117438603,0.552241889372609,0.0211729931887883,0,0
"138",0.157849585331886,0.0677478340816325,0.248361791751749,0.0974555090048666,0.428585279829866
"139",0.0935871810009297,0.437807201710516,0,0.249796082191909,0.218809535096645
"140",0.270717535021541,0.500828435665801,0.00631605379391049,0.151050478039223,0.0710874974795241
"141",0.335012687296088,0.485914650724299,0.0656424378736274,0,0.113430224105985
"142",0.101900067541389,0.314955458909102,0.0877564006585676,0.254804877801808,0.240583195089134
"143",0.287502355211424,0.364623479798603,0.000916718640279914,0.346957446349693,0
"144",0.473522090646634,0.420930789377477,0,0.1030276318744,0.00251948810148958
"145",0.00292460521748886,0.633797629911395,0,0.00856463898308657,0.35471312588803
"146",0,0.403451063346776,0.225492801900849,0.368308469921668,0.00274766483070686
"147",0.352220834864483,0.0402429131340276,0.00731005449391007,0.314857236722883,0.285368960784696
"148",0.00071416780672585,0.44237137202221,9.80733735254757e-05,0.428789772899361,0.128026613898178
"149",0.13020936456831,0.747011503781915,0,0,0.122779131649775
"150",0.218605527428863,0.177172445682142,0.100938999271647,0.195135894502922,0.308147133114426
"151",0.0449687120724403,0.564034537016436,0.257377676997726,0,0.133619073913398
"152",0,0.337777187704865,0.178718136181828,0.383734413665365,0.099770262447943
"153",0,0.527373684611516,0.472588199965317,3.81154231672709e-05,0
"154",0.140141872255222,0.31274462299343,0,0.547113504751348,0
"155",0.034368981830199,0.594330584608776,0.346580581119442,0,0.0247198524415835
"156",0.231027210614991,0.0944964847998758,0.114172713606482,0.157620592650281,0.402682998328369
"157",0.0489441364046881,0.522629145436321,0.000179543154995968,0,0.428247175003995
"158",0,0.354626059166662,0.000152450212595035,0.292952498717792,0.352268991902952
"159",0.35851462286268,0.36776854272295,0.184007810826488,0.0520115881076781,0.0376974354802037
"160",0.213765409033987,0.27177289077731,0.200681033778523,0.000796033808780581,0.3129846326014
"161",0.32848469009609,0.336038954341441,0.335476355562469,0,0
"162",0.00157720508650215,0.503349440999083,0.356258178171597,0.0586713342015029,0.080143841541315
"163",0.344156105777352,0,0.344156105777352,0.311687788445297,0
"164",0.386080870776394,0.388019193450305,0,0.178805736883569,0.0470941988897319
"165",0.392129908517567,0.346326030072378,0,0.261544061410055,0
"166",0.277747962601104,0.64867861352093,0,0.00202410653054307,0.071549317347423
"167",0.140915862387474,0.0264168963423883,0.225471468053266,0.137764856959704,0.469430916257167
"168",0.00559405098425412,0.484612641279417,0.0258296330540628,0,0.483963674682266
"169",0.426666816308321,0.551438317785418,0,0,0.0218948659062617
"170",0,0.409771938637307,0,0.408787883770903,0.18144017759179
"171",0.00815526065424713,0.35726376416191,0.241320412890974,0.148730041097475,0.244530521195394
"172",0.130798735973343,0.0446609793214603,0.228589130729037,0.129536648827036,0.466414505149124
"173",0.112899392213526,0.559654959312163,0.113875136552663,0.0708975646660455,0.142672947255603
"174",0.17018145847261,0.653958257042939,0,0,0.175860284484451
"175",0.365558783053633,0.151126817518668,0,0.483314399427699,0
"176",0.000495076752505321,0.981795543273815,0,0.0177093799736793,0
"177",0.0371392031676279,0.688019687009187,0,0.0816111770713076,0.193229932751877
"178",0.414484311414888,0.414484311414888,0.104656531951882,0,0.0663748452183417
"179",0.359638304793598,0.549498723497817,0.000275631310227677,0,0.0905873403983575
"180",0,0.330679344974371,0.330234044520509,0.00840726553074806,0.330679344974371
"181",0.125103360486852,0,0,0.533646759896563,0.341249879616585
"182",0,0.390995516783734,0.284993087420568,0.00095570133656073,0.323055694459137
"183",0.272690827039864,0.289777784454618,0.0078852120331206,0.39621406123301,0.0334321152393864
"184",0.00669204192035395,0.473016727562553,0,0.520291230517093,0
"185",0.0913781701960361,0.593221841030674,0.265303569041911,0.00349017550053451,0.046606244230844
"186",0,0.5,0,0.5,0
"187",0.0586688883489528,0.282277551505225,0.372113240905549,0.277689783559159,0.00925053568111348
"188",0.201217144729422,0.326348480832082,0.141882320249041,0.108418194695574,0.222133859493881
"189",0.152595635968995,0.0332635400368236,0.250426491540861,0.132156155477018,0.431558176976302
"190",0.337910084633561,0.459387279144956,0.154655138063359,0.00035303516890373,0.0476944629892195
"191",0.219224388888616,0.448263472758611,0,0.332512138352773,0
"192",0.341581736264212,0.13947375871396,0.078481618321223,0.440462886700605,0
"193",0.40316411625111,0.509116692121674,0.0601105786348349,0.0276086129923803,0
"194",0.423018126192789,0.349856482043556,0.113905048722873,0.0883963245432959,0.0248240184974863
"195",0.375564444298285,0.0888261547266451,0.00242822650383227,0.390273635994027,0.14290753847721
"196",0.172733663419709,0.0866613305168203,0.13408696050507,0.329643260092769,0.276874785465631
"197",0.354550258526903,0.408365937605447,0.148012748273752,0,0.0890710555938972
"198",0.0381270685551889,0.520074993954656,0,0.408538566789277,0.0332593707008776
"199",0.279271820043281,0.475949462814631,0.18899267589821,0.00178017106246055,0.0540058701814177
"200",0.244043048622058,0.216729758036191,0.0903016839342669,0.444862364973325,0.00406314443415795
"201",0.149429796979162,0.0502534006315557,0.201026269088218,0.190065464866686,0.409225068434378
"202",0.375358767148033,0.484980578262706,0.137333440272184,0,0.00232721431707653
"203",0.164632339624276,0.211200304345262,0.186878473667701,0.0285347668649403,0.408754115497821
"204",0.115491891268181,0.0604435819200198,0.231636334139603,0.125879055521173,0.466549137151024
"205",0,0.495774061138897,0.275966555888505,0.124155361356621,0.104104021615977
"206",0.0113321295267411,0.65910603217076,0.0463998254836129,0.00200287654916719,0.281159136269719
"207",0.0975982715253617,0.464178676669974,0.0355127092952272,0.402710342509437,0
"208",0.0251932197003923,0.452675072591203,0.0960233956263839,0.426067198615253,4.11134667685068e-05
"209",0.311748561937412,0.089497471150541,0.124819656721452,0.473934310190595,0
"210",0.139042969029893,0.444036986584235,0.0109934299674925,0.405926614418379,0
"211",0.098553925777776,0.268767554276915,0.000140802841456979,0.480683754969156,0.151853962134697
"212",0.372466357110217,0.255614953250804,0,0.371918689638979,0
"213",0.208711420292171,0.150429047053055,0.321483097647016,0.319376435007758,0
"214",0.00689083707182189,0.840464768944835,0.0760412046622795,0.0312197629033686,0.0453834264176949
"215",0.105092138142713,0.311732697044308,0.162290967066609,0.0812237730728273,0.339660424673542
"216",0.332787833075102,0.64726120204508,0.0199509648798184,0,0
"217",0.00155945592418599,0.356240299198496,0.329735348973825,0,0.312464895903493
"218",0.364821627864705,0.505957331298259,0,0.129221040837036,0
"219",0.143401782970878,0.0605495920547936,0.199654977651386,0.142473768019696,0.453919879303247
"220",0.224481147656822,0.0538297306768562,0.2193281990611,0.255662671679449,0.246698250925773
"221",0.23049894096957,0.198556055769756,0.1402484146215,0.0277562424720188,0.402940346167156
"222",0.0657620226633861,0.466506663071076,0,0.467719319520889,1.19947446487829e-05
"223",0.171706802693967,0.360024936683659,0.186456139948022,0,0.281812120674352
"224",0.231404288167577,0.384231295830988,0,0.384364416001436,0
"225",0.376852994069052,0,0.245967597453448,0.376852994069052,0.0003264144084477
"226",0.133445694967204,0.483905809565688,0.220416460277167,0,0.162232035189942
"227",0.168734485472933,0.0698427486021275,0.172017330678497,0.184088121221128,0.405317314025314
"228",0.340204605014073,0.523882339088297,0.110128636124519,0.00239851154484783,0.0233859082282635
"229",0.0263687796693153,0.479381002396876,0.0124494842466585,0.48180073368715,0
"230",0.390333790880854,0.390333790880854,0.0226407230685365,0,0.196691695169756
"231",0,0.38857972836136,0.231760886403096,0,0.379659385235543
"232",0.000265857561555801,0.438915982336901,0,0.434830818654532,0.125987341447011
"233",0.00221270355453275,0.700828960408576,0.0461562216852605,0.00221022265861783,0.248591891693013
"234",0.418254116018554,0.0515630767602718,0.0630346364317323,0.415640520680094,0.0515076501093481
"235",0,0.520348306372224,0.368104062172524,0,0.111547631455252
"236",0.154652869242842,0.139312133133127,0.199676188619325,0.14097301256985,0.365385796434855
"237",0,0.5,0.5,0,0
"238",0.176356814406802,0.418999010235831,0.297237229358166,0,0.107406945999201
"239",0,0.472135525385959,0.0557289492280825,0.472135525385959,0
"240",0.333241465678517,0.333241465678517,0.333241465678517,0,0.000275602964447819
"241",0.215644878431712,0.417845910818984,0.0816721860876551,0.284837024661648,0
"242",0.0231015917727258,0.635097641985907,0.0956379042947345,0.111973677109178,0.134189184837455
"243",0.42562238808946,0.432885891669198,0.120944303572384,0.0205474166689576,0
"244",0.42205701152212,0.358418054633714,0.0439043729577279,0.175620560886438,0
"245",0.303608014359043,0.449867318830452,0.0684829219374903,0.178041744873014,0
"246",0.5,0,0,0.5,0
"247",0.361829337931535,0.249270783946012,7.04130301933924e-05,0.383823412022127,0.00500605307013238
"248",0.311943811318153,0.251938154817828,0.0994671753251568,0.0152072384496537,0.321443620089209
"249",0.00547014438889297,0.11716226818229,0.282343516991898,0.234402370019507,0.360621700417411
"250",0,0.496511518045548,0.475859835743699,0,0.0276286462107532
"251",0.439118822358719,0.180506665228936,0.0250801286153777,0.344588984959796,0.0107053988371717
"252",0.179275469193272,0.401683069256144,0,0.401683069256144,0.0173583922944394
"253",0,0.439528111887038,0.120943776225925,0.439528111887038,0
"254",0,0.25160315142112,0.329572132955925,0.418824715622955,0
"255",0.3166066313917,0.454711600963889,0.226493232174192,0.0018544769825604,0.000334058487658289
"256",0.402165394539298,0.519448596152821,0,0.0783860093078813,0
"257",0.377629501066836,0.377629501066836,0.158808816178826,0,0.0859321816875011
"258",0.402038693564405,0.596557092945385,0,0.00132361782384758,8.05956663617863e-05
"259",0.420147554339881,0.420147554339881,0.159704891320239,0,0
"260",0.164494599635347,0.429941680901196,0.0809463290773515,0.313603066527135,0.0110143238589711
"261",0.0425219793244155,0.451835985419044,0.114267639194153,0.344760043425935,0.046614352636452
"262",0.210382004828591,0.421418836442154,0.0960650674685121,0,0.272134091260743
"263",0.115133634945276,0.367231363671354,0.238392882351465,0.279242119031905,0
"264",0.0176275450104338,0.507951627582513,1.54523398047267e-05,0.413903142183145,0.0605022328841032
"265",0.441762402359984,0,0.116475195280032,0.441762402359984,0
"266",0.0190225219801469,0.490488739009927,0,0,0.490488739009927
"267",0,0.429828140960715,0.400518705904052,0.169653153135233,0
"268",0.191225394877278,0.272362860165965,0.152797207326944,0.00426691636252274,0.379347621267291
"269",0,0.424843868475625,0.15031226304875,0.424843868475625,0
"270",0.0900920261736906,0.469081760221574,0.0515322612307922,0.183476741978526,0.205817210395418
"271",0.0159710692402992,0.392545432258266,0.00590968388983235,0.302231357855242,0.28334245675636
"272",0.0976399740219486,0.23294001777632,0.119380219537072,0.251914917094658,0.29812487157
"273",0.600920108326271,0,0,0.399079891673729,0
"274",0.445225778073988,0.131055922246281,0,0.423718299679731,0
"275",0.357019569794278,0.419948750981492,0.22303167922423,0,0
"276",0.000100035905818111,0.442845095224096,0.115142159709088,0.441912709160998,0
"277",0.337330000695977,0.351226472723562,0,0.31144352658046,0
"278",0.297697082605624,0.565746240420194,0.00726339200592087,0.0931611806344842,0.0361321043337772
"279",0,0.715259915220284,0.284703240855171,0,3.68439245453704e-05
"280",0.187963306988787,0.126222769792692,0.229140949588196,0.0225744613316531,0.434098512298672
"281",0.120968700726269,0.034551980180928,0.230160423166018,0.143268825003126,0.47105007092366
"282",0.167757264264838,0.205011191620402,0.129902772009673,0.126423399336917,0.370905372768169
"283",0.00810382782148966,0.400299601343285,0.157898407563704,0.426268708690639,0.00742945458088195
"284",0.198271890728773,0.510530231437928,0.28561648653928,0,0.00558139129401849
"285",0,0.472646614579806,0,0.475360716889987,0.0519926685302072
"286",0.276698166317184,0.723301833682816,0,0,0
"287",0.123243947880906,0.587375468294007,0.289380583825087,0,0
"288",0.101614243234169,0.57662417022594,0,0.219048614107778,0.102712972432112
"289",0.00948246788183781,0.319734599829123,0.234118029044439,0.0650733464212264,0.371591556823374
"290",0.164759520141478,0.512147982118053,0.114610959893935,0,0.208481537846534
"291",0.130803138572724,0.0629451938373082,0.20049787200629,0.136854511545384,0.468899284038293
"292",0.381184718734226,0.617051822705125,0,0,0.00176345856064926
"293",0.184519283257471,0.512882323673758,0.242146981923219,0.00180797502225722,0.058643436123295
"294",0,0.744043756189433,0.00136499767807544,0,0.254591246132492
"295",0.316885411734967,0.429482814449091,0.21430834814338,0.0389929248424766,0.000330500830085952
"296",0.402296004258807,0.0620395391495701,0,0.535664456591623,0
"297",0.261545327010848,0.369227336494576,0,0.369227336494576,0
"298",0.14780924803114,0,0,0.85219075196886,0
"299",0.0280242736492683,0.416630203027535,0.207129600927263,0.0003450150473972,0.347870907348537
"300",0.5,0,0,0.5,0
"301",0.065150870247745,0.414243039085769,0.193350411513692,0.0218858825518929,0.305369796600901
"302",0.175148183947595,0.340665215590133,0.270047174203573,0,0.214139426258699
"303",0.0327768585622693,0.326607362615065,0.301609072508112,0.339006706314553,0
"304",0.442168584864002,0.557831415135998,0,0,0
"305",0,0.621940369838719,0,0.0201314853844663,0.357928144776814
"306",0.0823029333131281,0.0909028358034456,0.175293358760997,0.211767636490897,0.439733235631531
"307",0.35900356810745,0.142215735603187,0.157650782571886,0,0.341129913717478
"308",0.329990519730801,0.354602349158026,0,0.262479558599472,0.0529275725117014
"309",0,0.576200953835213,0.251997759017067,0,0.17180128714772
"310",0,0.29618386347811,0,0.524338094604578,0.179478041917312
"311",0.346419218343645,0.376803511423302,0,0.222635547240056,0.0541417229929975
"312",0,0.4919665177667,0.0160669644665994,0.4919665177667,0
"313",0.177170052362091,0.131049574619056,0.175587372257324,0.0600424864395816,0.456150514321947
"314",0.219452941376851,0.0016791287712135,0.170783152691542,0.608084777160393,0
"315",0.210695135787522,0.699636271549558,0.000919871037672069,0.0731914141569809,0.0155573074682676
"316",0.237839804554085,0.377623668203459,0.0373327033602017,0.308884039075562,0.0383197848066919
"317",0.124966956733403,0.0843390758004239,0.203994971887418,0.140885906920127,0.445813088658628
"318",0,0.5,0,0.5,0
"319",0,0.597537004517327,0,0,0.402462995482673
"320",0.308252973237608,0.0935990047224795,0.0258136742989057,0.18465873613388,0.387675611607127
"321",0,0.268340304209503,0.00484620377383697,0.363846879521268,0.362966612495393
"322",0.329299780994145,0.29817632553636,0.0710299134653116,0.259288771113429,0.0422052088907538
"323",0,0.5,0,0.5,0
"324",0,0.490557465809075,0.486926135749528,0.0225163984413967,0
"325",0.00709479126656966,0.41650541084251,0.34730455135977,0.209388458486619,0.0197067880445316
"326",0.030029813811099,0.480676326592918,0.000935225919924735,0.476614585979465,0.0117440476965934
"327",0,0.442928013781424,0.114143972437151,0.442928013781424,0
"328",0.175246008562358,0.344640736992946,0.0520745328404723,0.428038721604224,0
"329",0.247757536933697,0.0588905442695603,0.165291741182592,0.0966059805034706,0.431454197110679
"330",0.775273472606176,0.0315019936926061,0.1779111290116,0.0153134046896188,0
"331",0,0.379083486272097,0,0.379083486272097,0.241833027455806
"332",0.0429944857001379,0.443680487911557,0.245949650068412,0,0.267375376319894
"333",0.498197526245433,0.498197526245433,0.000744957535352089,0,0.00285998997378278
"334",0.494590287028394,0.494590287028394,0,0,0.0108194259432122
"335",0.101491849803747,0.223394257121395,0.114746300764752,0.233952233229236,0.32641535908087
"336",0.432488351457061,0.00281242938071997,0.0062553072888155,0.543631987892746,0.0148119239806573
"337",0.140388615420585,0.497117925516141,0.00742889645903543,0.294849655851445,0.0602149067527939
"338",0,0.598341308166894,0.0757083774601804,0.0239519012866876,0.301998413086238
"339",0.138360187885809,0.141130242378672,0.153289107012862,0.287932719898276,0.279287742824381
"340",0.291942456202943,0.02089792898726,0.0231701306122698,0.620670272113276,0.0433192120842509
"341",0.231743511499668,0.377807672317983,0,0.39044881618235,0
"342",0,0.336982790567485,0.336357489345405,0.32665972008711,0
"343",0.425633275164345,0.426082262312307,0.0288321729374352,0,0.119452289585912
"344",0.00450578718736553,0.322475548227613,0.182983946690702,0.0874640915887277,0.402570626305592
"345",0.252782399662562,0.412462019632444,0.0290783059271202,0.263444141320562,0.0422331334573116
"346",0.00305653956930412,0.31440651979567,0.0101760736746148,0.426849789917283,0.245511077043128
"347",0.0415557539956112,0.460949478947073,0.178839995418621,0.253059412341691,0.065595359297004
"348",0.0857247508740242,0.483112811393583,0.32486732180292,0.106295115929473,0
"349",0.00168844961662349,0.499155775191688,0,0.499155775191688,0
"350",0,0.418060269429927,0.0992504802184722,0.395504352291354,0.0871848980602462
"351",0.333333333333333,0.333333333333333,0,0.333333333333333,0
"352",0,0.423564502520413,0.0562213191436783,0.414885634131263,0.105328544204645
"353",0.130960601204707,0.436181833133428,0.000100591931226473,0.432756973730638,0
"354",0.385864816528005,0.383721369294731,0.219494271838387,0.0109195423388767,0
"355",0.260197737458983,0,0.225944354539003,0.513857908002014,0
"356",0,0.144989805088602,0.422788168774665,0.417933477625822,0.014288548510911
"357",0.338615045198454,0.521938832606037,0.000645244964176614,0.138800877231332,0
"358",0.470955307304829,0.0194446919487877,0.46104946893825,0.0485505318081332,0
"359",0.373566694603018,0.23273214320275,0.195928929883819,0.0881023001695244,0.109669932140888
"360",0,0.5,0,0.5,0
"361",0.401175720944779,0.0808878475507191,0.116709097562364,0.401227333942139,0
"362",0.453853758631501,0.453853758631501,0.0922924827369972,0,0
"363",0.320196501500982,0.333254106700282,0,0.344576537757853,0.00197285404088258
"364",0.3780878005234,0.471074718566155,0.0482865731922682,0.0509790422599331,0.0515718654582437
"365",0.207789229852021,0.194867715121544,0.140430538678607,0.042812068274635,0.414100448073192
"366",0.1597380162653,0.225848151567491,0.162700082496009,0.241162079695286,0.210551669975915
"367",0.385483953026335,0.385549342866007,0.228966704107658,0,0
"368",0.075158357700549,0.434353715497679,0.00164216287838549,0.488693672422306,0.000152091501080885
"369",0.307330472034492,0.222300142422352,0.00271462733716817,0.467654758205988,0
"370",0.212639454075735,0.0259438880014939,0.19805196949444,0.207833818136209,0.355530870292122
"371",0.183205836036917,0.110068224795699,0.249214939142367,0.166504509820477,0.29100649020454
"372",0.315857142478806,0,0.323213565752272,0.360929291768922,0
"373",0.362120784984393,0.312524743032855,0.195277534632382,0,0.13007693735037
"374",0.311526156314442,0.509362987918466,0.116713197870933,0.0623976578961591,0
"375",0.3602775145117,0.0655174752309457,0.222116304649001,0.352088705608353,0
"376",0.125491614662733,0.620060157618587,0.000118438395699073,0.0128760766137176,0.241453712709263
"377",0.00755855058731492,0.0748900039499116,0.0710962435248243,0.586725127753877,0.259730074184072
"378",0.0992193101466494,0.308333201302727,0.230755335630817,0.0558792718786718,0.305812881041135
"379",0.317821827098678,0.515738685429387,0,0.166439487471935,0
"380",0.0241736338446393,0.468404063565071,0.118245963378176,0.131031638447637,0.258144700764476
"381",0.068728071091602,0.553431819588013,0.323732114540741,0.00614992188043894,0.0479580728992048
"382",0.453761871118633,0.453761871118633,0.092476257762734,0,0
"383",0,0.647920645126445,0,0.166043068380592,0.186036286492963
"384",0,0.5,0,0.5,0
"385",0.27432181751458,0.20325908246551,0.305186987950712,0,0.217232112069198
"386",0.466373897946569,0.526487543165333,0.00144029859919946,0,0.0056982602888988
"387",0.137718635873052,0.300160820153504,0,0.284132136108855,0.27798840786459
"388",0,0.37945251246983,0.293508584859498,0.327038902670671,0
"389",0.420733758648006,0.211355236885392,0.000444820553313861,0.366871949935862,0.00059423397742572
"390",0.210708744661219,0.080946800637216,0.127867734490722,0.479717578704502,0.100759141506341
"391",0.00131977475464288,0.887293638287452,0.00102875628559987,0.110153333959755,0.000204496712550369
"392",0.32329805682167,0.383283004180347,0.00244743141703226,0.204566493650161,0.0864050139307895
"393",0.0725420011380711,0.432098765201229,0.00808033392064067,0.48537933788926,0.00189956185079859
"394",0.0933451104344279,0.0758090580588049,0.257008420835651,0.108285588510076,0.46555182216104
"395",0.461443357682963,0.384500360052119,0.0687464210305767,0.0819769358586456,0.0033329253756953
"396",0.439163363762742,0.0930497813686777,0.0230517570400789,0.425087001047858,0.0196480967806431
"397",0.132917793025413,0.738995398243832,0.123811373953716,0.00427543477703827,0
"398",0,0.980971314680629,0,0.0190286853193714,0
"399",0.236990782242733,0.284087172024915,0.0536968710844587,0.387119457182471,0.0381057174654219
"400",0.449844505845138,0.168627173720663,0.0114399755888795,0.18053758683655,0.18955075800877
"401",0,0.448291208179638,0.10580089323459,0.44588087366152,2.70249242531123e-05
"402",0.223986043037383,0.108887436521046,0.204391231769544,0.0762555661753941,0.386479722496632
"403",0,0.381524915594416,0,0.236950168811169,0.381524915594416
"404",0.5,0.5,0,0,0
"405",0.000516180769214091,0.636027028151571,0,0.363456791079215,0
"406",0.382714614078022,0.027114219682762,0.202020378914492,0.388150787324724,0
"407",0.460973273185751,0.0072960821624967,0,0.531730644651752,0
"408",0.11438645963685,0.62845049752346,0.040639661920284,0.0174841703970869,0.199039210522319
"409",0.00554292754009254,0.640504646684968,0.21097504627339,0.0778711317842245,0.0651062477173247
"410",0.095514551291359,0.866316415084617,0.0333950762769262,0.00292589771968103,0.00184805962741649
"411",0.139280930083828,0.302711447262804,0.261832905995648,0.000762733276855257,0.295411983380865
"412",0.5,0.5,0,0,0
"413",0.326339025061557,0.334665885914101,0,0.338995089024342,0
"414",0.384311897903835,0,0.231376204192329,0.384311897903835,0
"415",0.0477909423812058,0.461927899682474,0.370983667164601,0,0.119297490771719
"416",0.362341774202389,0.270928143497762,0.0876073731563938,0.259903673648493,0.0192190354949625
"417",0.421453292601375,0.418072800010474,0.00403641477665346,0.156437492611497,0
"418",0.337151326512434,0.431729099693784,0.0742473094094171,0.116435890381282,0.0404363740030836
"419",0.0622078697828168,0.229886150037588,0.178567893244256,0.355113963271814,0.174224123663526
"420",0.128797563288226,0.415558339396052,0.170200834299783,0,0.28544326301594
"421",0.00135060140631248,0.496695396724628,0,0.3256536822563,0.17630031961276
"422",0.263958728423281,0.379108280402943,0,0,0.356932991173776
"423",0.378165651422024,0.387754925635312,0,0.177135808501254,0.0569436144414098
"424",0.496555583905597,0.00562581827103035,0.000434258597886282,0.497384339225486,0
"425",0,0.391286619059488,0.27944316187743,0,0.329270219063082
"426",0.365613324640041,0.126080829021502,0.0823181542853554,0.425987692053102,0
"427",0.184244339026434,0.141698769410824,0.184690608694763,0.119858004976943,0.369508277891037
"428",0.026749060464205,0.418586590518769,0.038333584733639,0.505290221535982,0.0110405427474049
"429",0.37847200881188,0.245625597882109,0.000261855915757613,0.375640537390253,0
"430",0.140555053705577,0.374832202600377,0.291105662628244,1.95649249726747e-05,0.19348751614083
"431",0.115580579835767,0.697897138254808,0.185767179508591,0,0.000755102400834916
"432",0.256337208176104,0.137790608178342,0.113594486950288,0.138032206575735,0.35424549011953
"433",0.353268766725256,0.363554923464637,0.28129008205297,0.00117334829076567,0.000712879466371943
"434",0.133188011509495,0.430711627811982,0.00772981261690104,0.419313593873531,0.00905695418809066
"435",0,0.51198227199946,0.48801772800054,0,0
"436",0.0978815833696471,0.532698083392555,0.356962232291979,0,0.0124581009458193
"437",0.0881224679407913,0.145414051901111,0.142056465469085,0.193322257246188,0.431084757442825
"438",0.435812497922524,0,0.11649547454722,0.446544195679679,0.00114783185057663
"439",0,0.419542457578673,0.31400181361017,0.266455728811156,0
"440",0.127319818418436,0.055315527209549,0.231138235799968,0.121343268169732,0.464883150402314
"441",0.31463784907606,0.394683914514861,0.07014174036468,0.164694381224463,0.0558421148199367
"442",0.000178670179052114,0.381075775799877,0.273584889498438,0.074364356814985,0.270796307707648
"443",0,0.4819292028073,0.32747365304305,0.0495420668128503,0.1410550773368
"444",0.12708123006414,0.313045477835091,0.35549827092826,0.204375021172509,0
"445",0.148272232630974,0.0801143246783981,0.217193398554517,0.105820146506953,0.448599897629158
"446",0.361691202097238,0.42881049475026,0.209498303152502,0,0
"447",0.326677697272464,0.430495374295503,0.0288379249735105,0.213989003458522,0
"448",0.0934047634791695,0.425175288321824,0,0.425175288321824,0.0562446598771816
"449",0.0903779479286678,0.475166714165601,0.0354893460753685,0.130769309990736,0.268196681839626
"450",0.0312812035981981,0.447410945692974,0.0452107016423513,0.237918596053879,0.238178553012597
"451",0.0237052323376047,0.393415299649006,0.051919324072032,0.448132827654734,0.0828273162866228
"452",0,0.333333333333333,0,0.333333333333333,0.333333333333333
"453",0.11730348772962,0.439635796144474,0,0.443060716125906,0
"454",0.179854684712759,0.309263552961953,0.0307113163651221,0.479723639915595,0.000446806044571239
"455",0.22324634679255,0.537016786157244,0.0690886069475676,0,0.170648260102638
"456",0.5,0,0.5,0,0
"457",0,0.387875053436348,0.224249893127305,0.387875053436348,0
"458",0.182092645050493,0,0.193577948353957,0.46742718575024,0.156902220845311
"459",0.0034409908219513,0.77125939758605,0.0146577700691537,4.44064363872449e-05,0.210597435086458
"460",0.12906860934106,0.226714914875191,0.187055031980306,0.0476532582932906,0.409508185510153
"461",0.193797440083053,0.000279985158549697,0.210538943626448,0.185403553079014,0.409980078052936
"462",0.114261320745556,0.144393719562775,0.223002426700133,0.106581077182504,0.411761455809032
"463",0.544005066020471,0.123047948774197,0.055168353766664,0,0.277778631438669
"464",0.528436437120133,0.0719408704625641,0,0.399622692417303,0
"465",0.403646223884436,0.407820737456218,0.0893539861442398,0.00383880483741854,0.0953402476776881
"466",0,0.494228590112999,0.0110830876909709,0.494228590112999,0.00045973208303121
"467",0.226146800359084,0.369372406718282,0,0.38838075321745,0.0161000397051837
"468",0.329184157778879,0.329098356922425,0.314582671032819,0,0.0271348142658774
"469",0.0427977562114308,0.200685739557352,0.218675405684877,0.107060027185607,0.430781071360734
"470",0.265395085541202,0.456126696608216,0.221122847395179,0,0.0573553704554028
"471",0,0.5,0,0,0.5
"472",0.397769182978457,0.398102772800825,0.201581679823184,0,0.00254636439753338
"473",0.285539304355713,0.243960891858723,0.117429486386238,0.010617327143842,0.342452990255483
"474",0.34616779936689,0.34616779936689,0.307664401266219,0,0
"475",0.294291678418422,0.0127885852966047,0.217189242429821,0.0410352826046296,0.434695211250523
"476",0.499748616979708,0.499748616979708,0,0,0.000502766040583691
"477",0.498209621017447,0.500014342703393,0,0.00177603627915973,0
"478",0.110270066980417,0.0740899891317532,0.22506131694128,0.142849118738134,0.447729508208417
"479",0.497388124532049,0.497388124532049,0,0.00522375093590193,0
"480",0.000241350071085423,0.731939943746546,0.0863810130420039,0.0355531964825783,0.145884496657786
"481",0.208048726418758,0.0380869209922127,0.179322683774602,0.163136422469782,0.411405246344644
"482",0.165540154876685,0.698212122165393,0,0.0006413987997451,0.135606324158177
"483",0.0364846513166598,0.226249505923423,0.183101178855601,0.224296532607429,0.329868131296887
"484",0.0897805619934825,0.425083039020488,0,0.425083039020488,0.0600533599655413
"485",0.499739777406093,0.499739777406093,0.000466735153012964,0,5.37100348005278e-05
"486",0.243856382340314,0.55867321498626,0,0.197470402673426,0
"487",0,0.340222556050672,0,0.489522872912529,0.170254571036799
"488",0.20553411764267,0.00391177484586258,0.184703976812744,0.242781927162101,0.363068203536622
"489",0.0688908184499271,0.0982313932820814,0.154636564550353,0.206635502092415,0.471605721625224
"490",0,0.5,0,0.5,0
"491",0.0991701863967751,0.081174534924575,0.211886650591282,0.169473320638238,0.43829530744913
"492",0,0.730249140032925,0,0,0.269750859967075
"493",0.121266586298964,0.476962641442876,0.090203302538217,0.0980145144260883,0.213552955293855
"494",0.135495468896369,0.0766777080067074,0.211247165122042,0.112196684330337,0.464382973644545
