"","V1","V2","V3","V4","V5"
"1",0,0.354523989589349,0.0451874672961779,0.340260003690437,0.260028539424035
"2",0.0534488148418358,0.533342274309184,0.340033646294565,0.0675566924349408,0.00561857211947424
"3",0.41118852666218,0.424673573944422,0.094615096278121,0,0.0695228031152768
"4",0.0906202877379492,0.464086056919942,0.00806733319011922,0.309151043373921,0.128075278778069
"5",0.11268785754488,0.132130946333341,0.245300670497061,0.0511265335603313,0.458753992064386
"6",0.463989449313625,0.464900515223809,0.00676314566136265,0.0241230684779242,0.0402238213232786
"7",0,0.5,0.5,0,0
"8",0.016953794030834,0.437470843272898,0.0621667801987035,0.403825667234242,0.079582915263322
"9",0.298473309596796,0.422424631550691,0.279102058852513,0,0
"10",0.358333455353038,0.387958750829482,0.00320736119004091,0.106813608796217,0.143686823831221
"11",0.286109142350973,0.372368755256929,0.0851635522819223,0.256358550110175,0
"12",0.204800149491489,0.397599925254256,0.397599925254256,0,0
"13",0.0635095956602689,0.418612340098147,0.224843056181404,0.139229755503716,0.153805252556465
"14",0.207936165800906,0.0254399127801999,0.162112351474548,0.204640097611677,0.39987147233267
"15",0.157758274186649,0.0548067416206026,0.163600417725699,0.187374842861845,0.436459723605205
"16",0.128655436426216,0.0452159641792495,0.228981185552601,0.129763615185407,0.467383798656527
"17",0.00922414677124416,0.16402849468376,0,0.826747358544996,0
"18",0.102876469599789,0.41284142863498,0.241660977878431,0,0.242621123886799
"19",0.0414130082077575,0.451297759546674,0.0153099674468719,0.0173779457960867,0.47460131900261
"20",0.172227788011769,0.23336006314745,0.130525603491943,0.0998189509585076,0.364067594390331
"21",0.485142066239171,0.471832951482763,0.0107114056669707,0.00488006783695634,0.0274335087741393
"22",0.244287420921646,0.652193018663341,0.00123583392188742,0.070320322477047,0.0319634040160787
"23",0.5,0,0,0.5,0
"24",0.121619469283072,0.44426736452578,0.0200301753713517,0.414082990819797,0
"25",0.000203193623274966,0.381536159327773,0,0.375229383825777,0.243031263223176
"26",0,0.518671196682044,0.480364780337,0,0.000964022980955954
"27",0.35066571873413,0.353952433540315,0,0.293748741457493,0.00163310626806267
"28",0.214441183349046,0.194301218610775,0.167312197726022,0.0272223618544347,0.396723038459722
"29",0.0970463842108302,0.587759322356236,0.279153420749503,0.0116911095554812,0.0243497631279497
"30",0.128452216473768,0.0530814247937971,0.228545255832271,0.126168034618196,0.463753068281968
"31",0.342112274696184,0.496524951817982,0,0.161362773485834,0
"32",0.313625381503237,0.325429246961129,0.0359910984093408,0,0.324954273126293
"33",0.119785940899077,0.214718140507604,0.15942104210268,0.0796776514513871,0.426397225039252
"34",0.169659634056564,0.0713567968951287,0,0.563892692603397,0.195090876444911
"35",0.0157784354562124,0.519452407097634,0,0.464402042914618,0.000367114531535342
"36",0.411192497678071,0.15240868243423,0.0277984148855891,0.408600405002109,0
"37",0.1166100892616,0.169793643994429,0.1757143207126,0.108774939391646,0.429107006639725
"38",0.38779362512681,0.357409596342713,0.0596551385966538,0.195141639933823,0
"39",0.0309874083214841,0.455284627285971,0.129654285577713,0.350151509367733,0.0339221694470984
"40",0.393367111191192,0.393367111191192,0,0.213265777617615,0
"41",0.136723250852673,0.0423216098281283,0.234167712926199,0.121212053414021,0.465575372978978
"42",0.00962197133055024,0.28750427650708,0.233182379392287,0.0844828318867878,0.385208540883296
"43",0.348351861917294,0.282086567287673,0.0131437631225653,0.343174561828974,0.0132432458434944
"44",0.408666679468681,0.409733093509486,0.0438916272369532,0,0.13770859978488
"45",0.377975017399824,0.131921494930703,0.0984264267543975,0.20742291957269,0.184254141342384
"46",0.378445553706864,0.387442529399005,0.0108239864589242,0.223287930435207,0
"47",0.169265667681766,0.415367166159117,0.415367166159117,0,0
"48",0.384622737654458,0.0570395345222087,0.16006129668684,0.0989304546923372,0.299345976444155
"49",0.303908556792291,0.132874409856556,0.0139845192591515,0.504371706939445,0.0448608071525558
"50",0.198304293924264,0.516547935700625,0.164857871237916,0,0.120289899137196
"51",0.0367041279027835,0.542280090946445,0.0039213426472959,0.402352690235033,0.0147417482684435
"52",0.222106646072995,0.260418738469371,0.147996088859073,0.369478526598561,0
"53",0.254226147462694,0.416958554245938,0.0569362322499388,0.150341817714488,0.121537248326941
"54",0.0114838320592296,0.405636161329691,0.394053034886608,0.0878647992236373,0.100962172500834
"55",0.15160233864848,0.378629411885877,0.117945459737606,0.110617950008139,0.241204839719898
"56",0.0451055750802084,0.398578410713012,0.286391098733666,0,0.269924915473113
"57",0.325705097051394,0.648724377071766,0.0245405459510138,0,0.00102997992582641
"58",0,0.499410356866721,0.00153256007689312,0.499057083056386,0
"59",0.102179743371467,0.408994010139723,0.000156215952768939,0.216284069828779,0.272385960707261
"60",0,0.5,0,0.5,0
"61",0.0443089036064327,0.391245905113062,0.00713342042830816,0.298278641129249,0.259033129722947
"62",0.150548090061914,0.42454522418275,0.423661607522373,0,0.00124507823296367
"63",0.306901900663274,0.399923092761887,0,0.289893068462807,0.00328193811203208
"64",0.0411284939698137,0.544659046180259,0.262800153385219,0.151412306464708,0
"65",0.400691687256355,0.207717362254035,0,0.39159095048961,0
"66",0.131680724152226,0.182533920462754,0.105699937816066,0.178650722772017,0.401434694796937
"67",0,0.844959794788894,0.00302857577788391,0.146966170977324,0.00504545845589731
"68",0.188277864574294,0.536495691266523,0,0.275226444159183,0
"69",0.0992720531715749,0.406391112520455,0.142093528365239,0.352243305942731,0
"70",0.058523447276987,0.544261380946337,0.0538447336844791,0.343370438092197,0
"71",0.00616846006321316,0.527376380488301,0.220855660457778,0,0.245599498990708
"72",0.46728557045246,0.46728557045246,0,0,0.0654288590950792
"73",0.0155305444568267,0.189620133865106,0.152509941054651,0.265480406066047,0.376858974557369
"74",0,0.721988584952055,0.167291313737221,0.0727653828804887,0.0379547184302351
"75",0.00595952814274764,0.0772485250769678,0.310018595350907,0.404364256777592,0.202409094651786
"76",0.511845680142281,0.0116248214061887,0.0683900859866657,0.408047022833696,9.2389631168121e-05
"77",0,0.459289768789343,0,0.540710231210657,0
"78",0.358934792223224,0.314661129826746,0,0.321228596816658,0.00517548113337223
"79",0.1096200883653,0.277871841864909,0.0563000331657052,0.205504052423735,0.350703984180351
"80",0.0122044010935383,0.394801603717767,0.0795013807706202,0.154352443642938,0.359140170775137
"81",0.381966292292436,0.381966292292436,0.235763128251948,0,0.000304287163179227
"82",0,0.338755465285586,0.338755465285586,0.322489069428828,0
"83",0.459133589545257,0.479619316656422,0.00538338871296218,0.00113309349449281,0.0547306115908656
"84",0.42340777682439,0.57659222317561,0,0,0
"85",0.382904577397184,0.00348834884369702,0,0.382904577397184,0.230702496361935
"86",0.193610703114151,0.605745294529982,0.0132974217152928,0.148094062546543,0.0392525180940306
"87",0.333333333333333,0.333333333333333,0.333333333333333,0,0
"88",0.0395959763685739,0.361061091270349,0.00219502728031516,0.32763660325569,0.269511301825072
"89",0,0.517648959194683,0.333298365082894,0,0.149052675722423
"90",0.123653756117622,0.366458671460043,0.173922733195388,0.000507787886899447,0.335457051340047
"91",0.00113265339466112,0.487228360281529,0.0103873696363298,0.0169956348858095,0.484255981801671
"92",0.0570252256016728,0.178994395636226,0.191370049565422,0.160666283255396,0.411944045941283
"93",0.252021907218086,0.22990130060395,0.00149698215716001,0.171048101814946,0.345531708205858
"94",0,0.0907022532758625,0.00372977561494806,0.583861524209454,0.321706446899736
"95",0,0.336403118203775,0.327193763592451,0.336403118203775,0
"96",0,0.364525255383302,0,0.388592092228472,0.246882652388226
"97",0,0.5,0,0.5,0
"98",0,0.449353758227318,0,0.449353758227318,0.101292483545365
"99",0,0.506897009719113,0.355260066355427,0.0456997372680728,0.0921431866573869
"100",0.179386022515773,0.337162091970138,0.337162091970138,0,0.146289793543951
"101",0.150776347812453,0.154261900774582,0.394504662910403,0.29909667951399,0.00136040898857211
"102",0.498279778706076,0.498279778706076,0.00344044258784761,0,0
"103",0.27981138244334,0.439923168695477,0.0138200151008927,0.224997165503239,0.0414482682570512
"104",0.188750382612452,0.405693438277936,0.000327339956091084,0.40522883915352,0
"105",0.462344564223969,0.0986373975954764,0.207243672250515,0.23177436593004,0
"106",0.254783400792771,0.368644947036488,0.146301853962452,0.230269798208289,0
"107",0.0320153377321868,0.439196924640088,0.150488596314877,0.15612763819648,0.222171503116368
"108",0.157660139666499,0.0911103685690649,0.195766437296872,0.11790030375796,0.437562750709604
"109",0.147685614167514,0,0.421392146542627,0.430922239289859,0
"110",0.192691625318803,0.429116908423832,0,0.133840225250679,0.244351241006686
"111",0.311477694179936,0.376170992150435,0.133232079389539,0.134307925246767,0.0448113090333217
"112",0.194299083356874,0.593963576007283,0.177190387088065,0.033340881889579,0.00120607165819846
"113",0,0.42036160746869,0.066797588142212,0.505254506727197,0.00758629766190092
"114",0.0209304252900299,0.406221458396527,0.056116007871585,0.50566647707548,0.0110656313663785
"115",0.163616207571377,0.247211377784993,0.109694509984256,0.282410481558538,0.197067423100836
"116",0.0834122929261581,0.229226871496029,0.112964573345135,0.170058347179673,0.404337915053004
"117",0.405807511101408,0.407184370543579,0,0.184850019739794,0.00215809861521885
"118",0.0021779728324643,0.443398629090217,0.128943803951462,0.423558910074038,0.00192068405181883
"119",0.0370953498222071,0.585365311618936,0.244247672767179,5.30093358249654e-05,0.133238656455853
"120",0.0888597121252748,0.102976351652077,0.218497171269243,0.135233534280194,0.454433230673211
"121",0.141231501958061,0.0544676765993624,0.224193819819535,0.122963005514922,0.45714399610812
"122",0.00201651303874546,0.60036178982498,0,0.397621697136274,0
"123",0.166924930224826,0.301262696522594,0.274439904827424,0.0113639716536756,0.24600849677148
"124",0.119815492153157,0.017488216865285,0.303501510001141,0.556861541324139,0.00233323965627753
"125",0.00277396375171224,0.411293732695094,0.166167405444673,0.418187561557735,0.00157733655078632
"126",0.208172682062844,0.131005816628442,0.0678510740297174,0.20842307507086,0.384547352208137
"127",0.292471387139835,0.113886088406693,0.3734323819106,0.213401149956263,0.00680899258660903
"128",0.104658584996927,0.0878514243411345,0.212525373044951,0.165127455878666,0.429837161738322
"129",0.048505765183305,0.475747117408348,0,0,0.475747117408348
"130",0.171149017872727,0.345808474072119,0.0115972859910575,0.22093109572971,0.250514126334387
"131",0.188873930525186,0.00950604815580483,0.17833637547491,0.296160847990943,0.327122797853157
"132",0,0.484645421720588,0,0.484645421720588,0.0307091565588242
"133",0.0447133227328,0.572670913660965,0.224039048550236,0,0.158576715055999
"134",0.300469547070534,0.401194144752633,0,0,0.298336308176833
"135",0.310164754041364,0.561548787627071,0.0636968043527579,0.0508779046571508,0.0137117493216559
"136",0.127546022628128,0.0455012202894967,0.228978489620295,0.130395758802171,0.46757850865991
"137",0.450313411671556,0.549686588328444,0,0,0
"138",0.265587404656467,0.398462644272935,0.325294189218163,0.010655761852436,0
"139",0.0366518190115621,0.491744108469175,0.000281058724851876,0.429444564965074,0.0418784488293369
"140",0.148302603477545,0.388227668152702,0.119851288157559,0.00274617379578371,0.340872266416409
"141",0.370577915259211,0.464216929300963,0.0661560948009321,0,0.0990490606388942
"142",0.114270805084857,0.443019809272743,0,0.4427093856424,0
"143",0.172218329735342,0.198474596276836,0.126937300847989,0.104541606883008,0.397828166256826
"144",0.132982107513329,0.0809152140637137,0.199106044603879,0.130995786178381,0.456000847640698
"145",0.0971946901791895,0.741849427748828,0,0.0111132420531646,0.149842640018818
"146",0,0.373162336123519,0.267970585650711,0.35886707822577,0
"147",0.384170227737883,0.126193789400625,0,0.436460076047609,0.0531759068138827
"148",0.0434815831103761,0.496983973909886,0,0.459534442979738,0
"149",0.116724453896058,0.0901196355792522,0.216833699231319,0.110872882796431,0.46544932849694
"150",0.334238732576187,0.338459892825193,0,0.32730137459862,0
"151",0.0273174416353766,0.605284822911291,0.327037294065969,0.00157254645117735,0.0387878949361854
"152",0.0411364483451016,0.340680758223568,0.268750789097145,0.34717702945842,0.00225497487576462
"153",0.00118966110953103,0.52561354156326,0.420920710641213,0.0116735706883188,0.0406025159976775
"154",0.157559649956545,0.37781537684953,0,0.464624973193924,0
"155",0.0991696993579081,0.611413285010282,0.241924654666485,0.00664882044082814,0.0408435405244966
"156",0.365727310308146,0.320512495982473,0,0.313760193709381,0
"157",0.0813801142731102,0.566084925727016,0,0,0.352534959999874
"158",0.00285299008090315,0.503585787286334,0.00851115119123901,0.344695273584522,0.140354797857002
"159",0.385866309842753,0.0249030386608775,0.135377501755319,0.442910729218813,0.0109424205222376
"160",0.23954320718006,0.395209099673001,0.188044814865006,0.000590378798604394,0.176612499483329
"161",0.329222167976101,0.33577107796015,0.335006754063749,0,0
"162",0.000170774271490146,0.421276427961987,0.311042182492234,0.000132249924619314,0.26737836534967
"163",0.310156128667363,0,0.245788466314709,0.11977489343663,0.324280511581298
"164",0.400028769812932,0.400698442830489,0,0.199272787356579,0
"165",0.39714893224519,0.303317531992862,0,0.22884342329584,0.0706901124661087
"166",0.348003070330554,0.600928620419703,0,0,0.051068309249743
"167",0.013761308790327,0.528771298185041,0.0167069435883812,0.364693145079274,0.0760673043569771
"168",0.0772423951583689,0.381415885191157,0.175225754454064,0.167588753762296,0.198527211434115
"169",0.284997476122306,0.359004204446623,0.0261412526243917,0.135202711384335,0.194654355422344
"170",0,0.466013323897823,0,0.466013323897823,0.0679733522043537
"171",0.0244985667927314,0.406202142111452,0.382608879373384,0.00592107276598548,0.180769338956448
"172",0.381147782797605,0.386314241326744,0.216633780096645,0,0.0159041957790053
"173",0.252812933436061,0.632409496236602,0.0147924337912483,0.098456754012514,0.00152838252357455
"174",0.206612072862038,0.793387927137962,0,0,0
"175",0.120043787558546,0.4216635790949,0,0.456271905021831,0.00202072832472326
"176",0,0.639317289957721,0.111462294876314,0,0.249220415165965
"177",0.156436807385806,0.253334215547135,0.166365979549438,0.0416506730253528,0.382212324492268
"178",0.16194271809946,0.242433085708702,0.181865449399042,0.00611034074818491,0.40764840604461
"179",0.12156029927032,0.0593985806473841,0.228895997902945,0.126043427996176,0.464101694183175
"180",0.5,0,0,0.5,0
"181",0.11698636849236,0.127452845693084,0.249368673545476,0.0671307554199987,0.439061356849081
"182",0,0.437600543308972,0.0062845572119168,0.364983366629207,0.191131532849903
"183",0.189051062792013,0.191231399784079,0,0.619717537423908,0
"184",0.00791993358376824,0.45130188364339,0.00751843006722528,0.533255055249942,4.69745567439626e-06
"185",0.0325218270573742,0.61597865215378,0.346105217151147,0,0.0053943036376986
"186",0,0.5,0,0.5,0
"187",0.293260415837482,0.252798894083403,0.334057122143146,0.119883567935969,0
"188",0.0955366506815565,0.137570588790644,0.213106086381315,0.117006798363488,0.436779875782997
"189",0.319624570534023,0.20660380996956,0.370833878997125,0.102937740499292,0
"190",0.437078704161752,0.507294734659583,0.0434401548710763,0.0121864063075888,0
"191",0.136343523757025,0.137607653076731,0.170161929757478,0.134457160430773,0.421429732977993
"192",0.372935290551212,0.196120876138435,0.101277392338427,0.329666440971925,0
"193",0.38563111358333,0.5255261180437,0.0494057507681758,0.0394370176047948,0
"194",0.296883765634819,0.110233385192972,0.0990077565649702,0.328027494968961,0.165847597638278
"195",0.415987110345783,0.0864675336396123,0.000552172640873215,0.394245123268258,0.102748060105474
"196",0.259290375522502,0.31332532720305,0.00505591208908566,0.422328385185363,0
"197",0.189731329308969,0.0712882006350647,0.228004724050273,0.0667511683915065,0.444224577614186
"198",0.0667067003566553,0.480828361942657,0,0.243878630261249,0.208586307439438
"199",0.0859205980144642,0.441712548547759,0.163646091770905,0.000346401688065132,0.308374359978807
"200",0.0625941004823046,0.198793954694709,0.19653228681042,0.542079658012567,0
"201",0.190784422973098,0.451301337803637,0.036946225041348,0.2198471506853,0.101120863496617
"202",0.420105871084368,0.489161704360061,0.0907324245555707,0,0
"203",0.321618657223471,0.412040178328166,0.0985715660735191,0,0.167769598374843
"204",0.000264162234033934,0.335611780937587,0.316372811406782,0.108068745528073,0.239682499893525
"205",0,0.540800637234634,0.226077948533415,0.0718316502313953,0.161289764000556
"206",0.0501776647790132,0.383040142967369,0.0912954957808964,0.14049579047674,0.334990905995981
"207",0.107425968514912,0.425982070375452,0.115844286039589,0.34622010173188,0.00452757333816733
"208",0.0187305322032872,0.45270214225806,0.0842631408453913,0.444304184693262,0
"209",0.113787320083808,0.331019972540132,0.142955245755766,0.397228912492444,0.0150085491278492
"210",0.0630166602097756,0.164820017181487,0.18105839170812,0.159171615067258,0.43193331583336
"211",0.0546209904444166,0.471941515818989,0,0.473437493736595,0
"212",0.229636456150961,0.0857960170146199,0.121004607866339,0.210539225144908,0.353023693823171
"213",0.464369472465665,0.464851895392563,0.0105617448038423,0,0.0602168873379292
"214",0.0703294422969664,0.534909680178206,0.100746641891159,0.0455516153795343,0.248462620254134
"215",0.14479438946534,0.285617355603462,0.135232602530372,0.149620947036403,0.284734705364423
"216",0.203344500074064,0.714728833501136,0.0809077077640575,0.000368523817925634,0.000650434842816394
"217",0.307258148597611,0.307058134220473,0.14129394592068,0.0393110676221695,0.205078703639067
"218",0.358851305883351,0.510758135088231,0,0.126638203190606,0.00375235583781122
"219",0.0586456236288725,0.439543261175301,0.141960143015784,0.0093040909194651,0.350546881260577
"220",0.270719124627841,0.181762795092506,0.233054852352645,0.314463227927008,0
"221",0.440799851507721,0.410012159152711,0.0680732923828399,0.0696267026349709,0.0114879943217571
"222",0.141320019836581,0.0367324871018356,0.226506069864798,0.131416499045045,0.46402492415174
"223",0.206866381013611,0.416625463343077,0.180501431502262,0,0.19600672414105
"224",0.221318647110839,0.327896124453481,0,0.411400941372078,0.0393842870636021
"225",0.121704462937504,0.0827232015237165,0.226413073600914,0.104775931673509,0.464383330264357
"226",0.0927598510756065,0.399723707485119,0.209621062925893,0,0.297895378513381
"227",0.370411907857934,0.259176184284133,0,0.370411907857934,0
"228",0.394906555943194,0.532573638262964,0.0611509405391279,0.0113688652547145,0
"229",0.123541177652288,0.297553200553376,0.134489706053541,0.349314237103532,0.0951016786372624
"230",0.355837159324985,0.355837159324985,0.0540180271233663,0,0.234307654226664
"231",0,0.38688729060721,0.226434669187815,0,0.386678040204975
"232",0,0.405642177487981,0,0.405642177487981,0.188715645024039
"233",0.00246947417048278,0.717201628037113,0,0.234466762463509,0.0458621353288959
"234",0.10423963259835,0.106096763057554,0.157376689400755,0.254754702174657,0.377532212768685
"235",0.000252211329544914,0.683205307829022,0.257962026976496,0,0.0585804538649373
"236",0,1,0,0,0
"237",0,0.5,0.5,0,0
"238",0.205523286614423,0.473950361613513,0.289755151008008,0.00286714391286197,0.0279040568511939
"239",0,0.459225459360449,0.0815490812791023,0.459225459360449,0
"240",0.295479709681233,0.292018282470648,0.288970626412239,0,0.12353138143588
"241",0.15955197856898,0.451198139065745,0.152624700471995,0.236193433135839,0.000431748757441235
"242",0.124457810577668,0.0469938098336875,0.229320084848851,0.131536621545516,0.467691673194277
"243",0.435702882335886,0.445416817681851,0.105615282992676,0.0132650169895867,0
"244",0.409985563596967,0.398102217158697,0.023068307369316,0.16884391187502,0
"245",0.271290675481938,0.470027553127224,0.0806582179594191,0.178023553431419,0
"246",0.5,0,0,0.5,0
"247",0.360177210378996,0.279161240285069,0,0.360661549335935,0
"248",0.155894368720997,0.12080619233413,0.272771150243983,0.0604651617000097,0.39006312700088
"249",0.348368007968141,0.335711424831494,0.20984964202317,0.0882401081164441,0.0178308170607506
"250",0,0.486159808566137,0.458788051878384,0,0.0550521395554789
"251",0.256212348893404,0.104900390664241,0.089550304877612,0.206530080836389,0.342806874728354
"252",0.194055698515426,0.402972150742287,0,0.402972150742287,0
"253",0,0.355135636251805,0.141084267772828,0.372445481833362,0.131334614142005
"254",0,0.270616171992766,0.326180665004141,0.403203163003093,0
"255",0.200156815824295,0.460702675617147,0.258891803555443,0.00114957104160142,0.0790991339615134
"256",0.322051834516016,0.56895393010888,0,0.104697995242177,0.00429624013292739
"257",0.394969583570391,0.394969583570391,0.184562585504298,0,0.0254982473549195
"258",0.375302608001031,0.624697391998969,0,0,0
"259",0.38912011083004,0.459181734457549,0.151698154712411,0,0
"260",0.0884901250151835,0.191922939163648,0.165759306989761,0.215767159601366,0.338060469230041
"261",0.123458789980461,0.0344372234607605,0.211252974662141,0.188039587793072,0.442811424103567
"262",0.259909327483152,0.569196180341391,0,0,0.170894492175457
"263",0.10780677594432,0.394183313673162,0.269193754450263,0.228816155932256,0
"264",0.0208562785610983,0.164212545677594,0.137779441124923,0.284999907840492,0.392151826795892
"265",0.454122767021206,0.004140898145715,0.0876135678118729,0.454122767021206,0
"266",0.11925327406794,0.137612412728561,0.203192393714206,0.0708987385870206,0.469043180902272
"267",0,0.334881166688081,0.249229624326666,0.33598569445661,0.0799035145286422
"268",0.487165307504469,0.487165307504469,0.0246715570960023,0,0.000997827895060556
"269",0,0.397897493245545,0.20420501350891,0.397897493245545,0
"270",0,0.539998461172159,0,0.460001538827841,0
"271",0.201903784908146,0.112058528451833,0.0919267630537712,0.158285923442091,0.43582500014416
"272",0.157770212145494,0.421114893927253,0,0.421114893927253,0
"273",0.617375958819791,0,0,0.371352203006446,0.0112718381737634
"274",0.241711645743092,0.0547408843789929,0.144045467692381,0.183782742686999,0.375719259498535
"275",0.458043328874338,0.207690542552196,0.11932630424522,0.214939824328246,0
"276",0,0.445477469086286,0.109396279101489,0.445126251812225,0
"277",0.270432173209568,0.364999371490004,0,0.364500910985849,6.75443145785262e-05
"278",0.308392747317419,0.38337280130461,0.0200545133578998,0.190388788443282,0.0977911495767889
"279",0,0.807105025539781,0.192894974460219,0,0
"280",0.247129532878556,0.285815650118885,0.201975381746258,0.0679836231947122,0.197095812061589
"281",0.124413339607524,0.0509535436933796,0.228621621392448,0.127872885975683,0.468138609330966
"282",0.142936061560467,0.124972025637882,0.181579807630975,0.119300163272157,0.431211941898519
"283",0.000202473550962472,0.391542332779194,0.253659193495994,0.35459600017385,0
"284",0.0703306700997644,0.4469139715599,0.294479127382015,0,0.18827623095832
"285",0,0.488840445023297,0,0.488840445023297,0.0223191099534061
"286",0.23470801510675,0.605691139304812,0,0,0.159600845588438
"287",0.295330712160264,0.496426372870463,0.0231007861526914,0.185142128816581,0
"288",0.0159224790335879,0.60200587418903,0,0.278457455406175,0.103614191371208
"289",0,0.354226999779077,0.353485608745978,0,0.292287391474945
"290",0.328093300096985,0.601325380293283,0.070581319609732,0,0
"291",0.0939662378343548,0.291306784350262,0.0266905701866785,0.241011448543539,0.347024959085166
"292",0.129588263414001,0.118762341434297,0.209026720192526,0.0920341657177892,0.450588509241387
"293",0.19557549668252,0.353064308637716,0.16067133636886,0.0173144055731866,0.273374452737718
"294",0,0.987138610600933,0.00342747947833914,0.000668828650616217,0.00876508127011161
"295",0.307760454063116,0.373831314358387,0.317481738947056,0.000926492631440887,0
"296",0.440317227970423,0.0419531005930457,0,0.517729671436531,0
"297",0.200278979624813,0.399860510187594,0,0.399860510187594,0
"298",0.171272599487425,0,0.0136974903129571,0.467945521284228,0.34708438891539
"299",0.0766712164969678,0.65001994043681,0.273308843066223,0,0
"300",0.469610571482645,0,0,0.469610571482645,0.0607788570347097
"301",0.0405640707748571,0.804574213976055,0.146855293187887,0.00184092235377587,0.00616549970742552
"302",0.28549844209383,0.358507123306612,0.299230334900624,0,0.0567640996989349
"303",0.00868921719488746,0.299144914178018,0.318749185601064,0.373416683026031,0
"304",0.433478768667157,0.566521231332843,0,0,0
"305",0,0.646289097662096,0,0,0.353710902337904
"306",0.310843962496248,0.446612847175341,0.0954158248940147,0.10439022577548,0.0427371396589165
"307",0.431939241818635,0.431823646800358,0.135556369355068,0,0.000680742025939495
"308",0.234556740734344,0.428293758207614,0.00116648019996147,0.109862782384742,0.226120238473339
"309",0,0.562946494870368,0.234346143504164,0,0.202707361625468
"310",0.040840044106969,0.253467746256898,0.015062603777765,0.415941935205013,0.274687670653355
"311",0.332511313728386,0.402441981823281,0,0.234643920103162,0.0304027843451714
"312",0,0.423459693654779,0.0155545041072708,0.423459693654779,0.137526108583171
"313",0.0234286495853573,0.783876111976355,0.0105348592591134,0.000557646867250298,0.181602732311924
"314",0.1461057461591,0.0766468431177652,0.175796527178731,0.211201282635496,0.390249600908908
"315",0.0497580685758333,0.67001653207436,0.00246296959424419,0.184918040976107,0.0928443887794555
"316",0.130302260746284,0.0311756739145921,0.20935447934212,0.196229220170632,0.432938365826372
"317",0.204998109405019,0.469681785888791,0.137499583302761,0.0657451020348016,0.122075419368628
"318",0,0.498577656254395,0.00175187181533832,0.498577656254395,0.00109281567587122
"319",0,0.559747960529125,0,0,0.440252039470875
"320",0.364352879708615,0.277929783423057,0,0.355884182436601,0.00183315443172703
"321",0.0759462872585781,0.511317704885637,0.0764416802784215,0.306576441924695,0.0297178856526685
"322",0.343965320452393,0.352047832532894,0.0522196226192875,0.251327562441794,0.000439661953630698
"323",0.00116423310300418,0.499539796081231,0,0.499295970815765,0
"324",0,0.414236024511403,0.408738367186793,0.175746489786219,0.00127911851558564
"325",0.073493216853392,0.265984679480404,0.236833823418206,0.259953773165502,0.163734507082496
"326",0.0278935263746373,0.491679571798103,0.00209127918094376,0.475441190928462,0.00289443171785413
"327",0,0.428120659609326,0.148474362597971,0.34228594783448,0.0811190299582234
"328",0.232974298980764,0.19519334309231,0.0801953538149382,0.307068906998466,0.184568097113521
"329",0.651467033559995,0.0799155035650134,0,0.268617462874991,0
"330",0.883255611959741,0,0.116744388040259,0,0
"331",0,0.4283070042031,0,0.4283070042031,0.1433859915938
"332",0.0027595356616296,0.499507963945641,0.00475715755084014,0.264710021848233,0.228265320993657
"333",0.492926789241348,0.492926789241348,0.00103611214641845,0,0.0131103093708847
"334",0.434313436627557,0.434313436627557,0,0,0.131373126744885
"335",0.0724037438709993,0.465029177692759,0.0114446719512947,0.450889782428938,0.000232624056009357
"336",0.385971658854919,0.00190467678162391,0.0903947929779399,0.422778319283399,0.0989505521021181
"337",0.44666893094959,0.000165560429019649,0.0782302481744664,0.447901718327074,0.0270335421198503
"338",0,0.417443621457176,0.172318140447559,0.000635298074876095,0.409602940020389
"339",0.0797908367450599,0.245593082240576,0.117600791840279,0.349291565798612,0.207723723375472
"340",0.129361764644186,0.0688333697125102,0.207035737317257,0.154734198628752,0.440034929697294
"341",0.144364593468978,0.104904231729963,0.143330079799127,0.219629582248027,0.387771512753906
"342",3.58096876213242e-05,0.265442824294637,0.312254053082379,0.163967916334852,0.258299396600511
"343",0.490557849027937,0.490557849027937,0,0,0.0188843019441254
"344",0,0.420426408368707,0.156517809360088,0.00262937390249846,0.420426408368707
"345",0.128270153063922,0.103216346486652,0.221268637571082,0.103100802762626,0.444144060115717
"346",0.0806671937745735,0.442292744931477,0.121433539900523,0.355606521393426,0
"347",0,0.492059584594532,0.218420773462617,0.226391242852134,0.0631283990907168
"348",0.106200777605995,0.487927970854768,0.298141977973595,0.0890149679813997,0.0187143055842428
"349",0.000986815677827028,0.499364165741985,4.63118521241568e-05,0.499364165741985,0.00023854098607844
"350",0.165771899213915,0.480946230690112,0.347469620274842,0.00581224982113128,0
"351",0.308126266998645,0.342855145418942,0,0.343796333497674,0.00522225408473834
"352",0.125892828356824,0.0472059593401742,0.228179898304372,0.130191305070218,0.468530008928412
"353",0.228038620599318,0.384368524662647,0.000181073519913688,0.367690293509503,0.0197214877086179
"354",0.203851828708103,0.178128901897548,0.183438201323141,0.101309146187662,0.333271921883546
"355",0.265385280952377,0,0.198931248195357,0.535683470852266,0
"356",0,0.397438213125512,0.410046757416825,0.192515029457663,0
"357",0.249465845964033,0.443532833236428,0.00374404291182203,0.170860007226078,0.132397270661639
"358",0.307065234872762,0.182565677919122,0.347071867668121,0.122257827343137,0.0410393921968587
"359",0.439548767468625,0.152296267659756,0.408154964871619,0,0
"360",0,0.429764079932582,0.000522071833459059,0.429764079932582,0.139949768301377
"361",0.39130131167821,0.0770296713386255,0.131836446939903,0.399832570043261,0
"362",0.41125243204126,0.41125243204126,0.140577682082855,0,0.0369174538346246
"363",0.119964461168049,0.502873460804,0.00738446601106326,0.179669252380523,0.190108359636364
"364",0.277346918728255,0.372368035775689,0.09200803235402,0.0638773700019859,0.19439964314005
"365",0.13779893888399,0.0439733151375101,0.23102114912141,0.119185816733212,0.468020780123877
"366",0.175774853832838,0.310779814336364,0.197762536759131,0.251238592169854,0.0644442029018127
"367",0.363221310899265,0.429636987032162,0.205680799978714,0,0.00146090208985937
"368",0.00746642806903298,0.0812400594294407,0.198294585120243,0.712998927381283,0
"369",0.190860621018407,0.545729113384338,0.13621115850484,0.00878154755391383,0.118417559538502
"370",0.318047559018092,0.279512273870083,0.184485816588082,0.206832541144912,0.0111218093788317
"371",0.204677130760429,0.174255208451538,0.262233990152227,0.200685821637976,0.158147848997831
"372",0.296285772414629,0,0.341161472490745,0.362552755094626,0
"373",0.414712937736201,0.371792378525664,0.212782438606308,0.000712245131826876,0
"374",0.199917964052383,0.438580083196889,0.339935697193912,0,0.0215662555568163
"375",0.3318559376706,0.126056872246235,0.252008499017284,0.286008473448001,0.004070217617879
"376",0.0265021664848802,0.501849873147674,0.0251144046718247,0.446533555695621,0
"377",0.119453327988488,0.107492187827039,0.172779227578113,0.191504737957792,0.408770518648567
"378",0.100586817510779,0.501538052874284,0.233964796195343,0.163905416649111,4.91677048259981e-06
"379",0.334894709996324,0.533190623286444,0,0.131914666717231,0
"380",0.0355721468301839,0.457044572543569,0.0840260944678666,0.151590985111484,0.271766201046897
"381",0.0968059863573838,0.253522853494015,0.236266852168424,0.0192248922337125,0.394179415746465
"382",0.453923252080828,0.453923252080828,0.0921534958383441,0,0
"383",0,0.857928306256589,0,0.142071693743411,0
"384",0.122346110616052,0.0422503830887902,0.223927922216373,0.142969596380856,0.468505987697929
"385",0.333333333333333,0.333333333333333,0.333333333333333,0,0
"386",0.212133520855516,0.377755093312994,0.11171268242747,0,0.298398703404019
"387",0.0637631610391239,0.295006734303639,0.0449772548140072,0.301744531123225,0.294508318720005
"388",0,0.397764881533045,0.290397415841585,0.31183770262537,0
"389",0.238561144172318,0.205605714529426,0.046614668335135,0.221290105067892,0.287928367895229
"390",0.147092549447583,0.321441967514134,0.0582229281024849,0.473242554935798,0
"391",0.00036820552650181,0.954214957208567,0,0.0454168372649314,0
"392",0.447447326247875,0.166133617620133,0,0.386419056131992,0
"393",0.375647831047913,0.242092877965793,0.0560032028561699,0.326256088130125,0
"394",0.0595607264850804,0.0890147344771365,0.222324369945241,0.198705543044052,0.43039462604849
"395",0.428937878809447,0.362682370885127,0.115292016504267,0.0148422163065839,0.0782455174945752
"396",0.20822454842953,0.160933827655827,0.0641579171351489,0.312800417378664,0.25388328940083
"397",0.0692113364839949,0.743936226862831,0.169484617881608,0.00258575310078181,0.0147820656707847
"398",0,0.815626395883993,0.0230294010262598,0.0989446940598618,0.062399509029885
"399",0.24527893829165,0.33223979055279,0.0265210173239083,0.395960253831652,0
"400",0.54434087920706,0.0391059413937856,0,0.335709616003701,0.0808435633954541
"401",0.000462193280614238,0.441448564178847,0.181632562436761,0.328696659181142,0.0477600209226354
"402",0.180260047202213,0.391439199097714,0.13386364671659,0.294437106983484,0
"403",0,0.358444567763838,0,0.358444567763838,0.283110864472325
"404",0.5,0.5,0,0,0
"405",0,0.566258365031232,0,0.433741634968768,0
"406",0.468139065526196,0,0.479086725503223,0.0517875706716774,0.000986638298903732
"407",0.20970738298854,0.0572734900193542,0,0.67327379181128,0.0597453351808254
"408",0.10159871683541,0.417778064768527,0.0735785469194363,0.0592213620601483,0.347823309416479
"409",0.0714758400186764,0.0999557284488627,0.215271091981626,0.170158907735676,0.443138431815159
"410",0.102786456539338,0.850246563424072,0.0133686514681547,0.011307555490555,0.0222907730778804
"411",0.247039072889306,0.183889029877355,0.34584585622649,0.223226041006849,0
"412",0.451236786786581,0.463365980499001,0.0847032504188002,0,0.000693982295618544
"413",0.31400534655087,0.271556331619612,0,0.414438321829519,0
"414",0.213692525798007,0.377659531148771,0.123638049299947,0.205947181541334,0.0790627122119421
"415",0.0832734833082293,0.363136018987974,0.24504980202193,0,0.308540695681867
"416",0.395940790387855,0.122331901215176,0.0486470675899573,0.219355834179129,0.213724406627883
"417",0.471305875012099,0.401553383020176,0.057319016406718,0.0698217255610075,0
"418",0.31574544963417,0.23372722798987,0.00990863181461225,0.339915274414126,0.100703416147222
"419",0.0611161633769037,0.349418774620707,0.170131017813582,0.402360613047029,0.0169734311417779
"420",0.154803779221698,0.42687065134536,0.160764154864132,0,0.25756141456881
"421",0.0140851227111981,0.453702668044111,0,0.42959399310555,0.102618216139141
"422",0.398264794006267,0.398264794006267,0,0,0.203470411987467
"423",0.372478251194653,0.346903857339015,0.0133298724340108,0.0859721145445432,0.181315904487778
"424",0.166179942372744,0.0129547583362419,0.147345461189058,0.254705030723839,0.418814807378117
"425",0.333333333333333,0,0,0.333333333333333,0.333333333333333
"426",0.383600195326694,0.196667259800873,0.027373073271433,0.392359471601,0
"427",0.0002345399514311,0.363394335651796,0.272976788744977,0,0.363394335651796
"428",0.108924471865611,0.0523556713347244,0.23850087865658,0.137072975468759,0.463146002674325
"429",0.409662193357744,0.200541794253294,0.0066498140698617,0.364402464185002,0.0187437341340976
"430",0.122027041717592,0.124654584270667,0.217219802289468,0.112037201928656,0.424061369793617
"431",0.140198142045105,0.462911665126104,0.176134544161137,0.0016168049436094,0.219138843724044
"432",0.471360778875227,0.485004431033571,0.0436347900912018,0,0
"433",0.313452188157581,0.45316134098297,0.219057637532278,0.000174769132640374,0.0141540641945309
"434",0.459614027984552,0.181005018501677,0.0030405806370855,0.241278685873315,0.115061687003371
"435",0.106876588861561,0.156709360495457,0.241019966125325,0.0636002403538429,0.431793844163813
"436",0,0.527690585562406,0.386496116153391,0,0.0858132982842028
"437",0.0182458528022182,0.467121094071035,0,0.431256140969755,0.0833769121569914
"438",0.293507397690406,0.430045602426847,0.0533607641144934,0.176539804455648,0.0465464313126046
"439",0,0.397739431464303,0.222956850281105,0.178150180274297,0.201153537980295
"440",0.0325872775978875,0.40083856623072,0.251696215675427,0.0239398062361293,0.290938134259837
"441",0.390526782482236,0.393644988293069,0.010677444436543,0.205150784788152,0
"442",0.00895432283538333,0.463071537866948,0.381013424663692,0.0151296615585364,0.13183105307544
"443",0.325650453922472,0.027122003001798,0.00119138494506496,0.483366903939934,0.162669254190732
"444",0.134552142321692,0.319459627273122,0.373671682326871,0.172316548078315,0
"445",0.139047438024295,0.016332649402392,0.21894272087055,0.158504849609005,0.467172342093759
"446",0.322953476303237,0.458493345181892,0.218553178514871,0,0
"447",0.223404105260004,0.474523548932184,0.00954122526547958,0.292374298014096,0.000156822528235481
"448",0.0848216344710203,0.45758918276449,0,0.45758918276449,0
"449",0.210506642022203,0.66942792032613,0,0.120065437651667,0
"450",0.105511241930719,0.0780924914277953,0.224206615442864,0.132126184224521,0.460063466974101
"451",0.011960929072319,0.488140240499772,0.0121658589684679,0.487732971459441,0
"452",0.5,0,0.5,0,0
"453",0.328270029712522,0.157849919115945,0,0.498775297897365,0.0151047532741677
"454",0.208471589448874,0.28589307326523,0.052099857343368,0.453535479942528,0
"455",0.127460596581386,0.3938571660353,0.120052917420045,0,0.358629319963269
"456",0.5,0,0.5,0,0
"457",0,0.385460137566096,0.229079724867809,0.385460137566096,0
"458",0.252865386888926,0.167438883008786,0.368485769198177,0.155434043280049,0.0557759176240631
"459",0.0476760747183432,0.951797886897583,0.000293215243358089,0.000232823140715837,0
"460",0,0.436656573558966,0.436656573558966,0,0.126686852882068
"461",0,0.881399406787909,0.00294040607965003,0.115111099429708,0.000549087702732397
"462",0.145784628588579,0.0598305214387363,0.218179020688075,0.121558681784334,0.454647147500276
"463",0.384544161481087,0.217192156579114,0.102047036557536,0,0.296216645382263
"464",0.516438626845032,0.137623921989186,0,0.345937451165783,0
"465",0.431438872941848,0.431438872941848,0.136510233303095,0,0.000612020813209027
"466",0,0.489654844585551,0.001042612451472,0.489654844585551,0.0196476983774253
"467",0.0436195878566805,0.373448629711558,0.00130163574019109,0.370154634457046,0.211475512234525
"468",0.326957130354785,0.326957130354785,0.298027629758002,0,0.0480581095324278
"469",0.0323017562352332,0.693129452884058,0.0485007013231181,0.0946517344736063,0.131416355083984
"470",0.36414994331362,0.454898621005281,0.143384362781684,0.00166893700652779,0.0358981358928864
"471",0.366815030565326,0,0.366815030565326,0.266369938869348,0
"472",0.401404814766632,0.401404814766632,0.197190370466736,0,0
"473",0.343221372504617,0.427367179364657,0.0973869738956393,0.132024474235086,0
"474",0.360856119687784,0.360856119687784,0.270170543981883,0,0.00811721664254896
"475",0.493489890227782,0.47729947027919,0.0229634884675857,0,0.00624715102544224
"476",0.115823078110326,0.0783299620287633,0.221366654989311,0.121013590794723,0.463466714076878
"477",0.210339287323281,0.176552106094851,0.112655025806558,0.0987604977410299,0.40169308303428
"478",0.0345745305286283,0.416006807336828,0.134485854510594,0.414932807623949,0
"479",0.439073111634254,0.439073111634254,0,0.121853776731492,0
"480",0.0584427781863909,0.462517030199332,0.134712055376501,0.12937922355887,0.214948912678906
"481",0.667661152053665,0.2775296059219,0.0321897706783651,0.0132347827825926,0.00938468856347706
"482",0.118291181463824,0.415092798508737,0.0880415138799968,0.0319058752380549,0.346668630909388
"483",0.00119705233025607,0.414604470945432,0.179771806011886,0.403522098736704,0.00090457197572137
