"","V1","V2","V3","V4","V5"
"1",0,0.474387916515097,0,0.474387916515097,0.0512241669698069
"2",0.319945098966774,0.115827896549023,0.265631645961914,0.298595358522288,0
"3",0.310781597796782,0.429121095416159,0.0834528102412047,0.0408415127498959,0.135802983795958
"4",0.114425562110216,0.461382394934294,0,0.424192042955491,0
"5",0,0.366794784537985,0.30542849137343,0,0.327776724088585
"6",0.5,0.5,0,0,0
"7",0,0.5,0.5,0,0
"8",0.00428869077241475,0.447355503462712,0.0656977758579248,0.441093417648239,0.0415646122587089
"9",0.267358636973455,0.446118426291377,0.286522936735168,0,0
"10",0.118017619262837,0.115059464040348,0.172035310646284,0.167565182784952,0.427322423265579
"11",0.446220627909493,0.0147917255055365,0.413831586060112,0.000105310916716966,0.125050749608141
"12",0.0986493794307593,0.267719412607365,0.214539366230025,0.00623263728711827,0.412859204444732
"13",0.164886080909366,0.431346258762601,0.236039281297004,0.0633425847467587,0.10438579428427
"14",0.46586732079307,0.487659526621531,0.0224018670514433,0.000945051240979243,0.0231262342929756
"15",0.343530386698716,0.312939226602568,0,0.343530386698716,0
"16",0.292431587568491,0.375983976439221,0,0.331122541598119,0.000461894394168926
"17",0.00166462410601431,0.0706496568186428,0.0422156436066743,0.683850454998314,0.201619620470355
"18",0.11414854873158,0.454888501387394,0.28180166445194,0,0.149161285429086
"19",0,0.466637324508418,0,0.0784025105554516,0.45496016493613
"20",0.218717541262367,0.395576809719647,0.157491599646876,0.0284273165989244,0.199786732772186
"21",0.461413547150721,0.473022099856472,0.0348143725879342,0.0307499804048729,0
"22",0.0928343764911319,0.0301415871473972,0.167981074254443,0.288501095227816,0.420541866879212
"23",0.5,0,0,0.5,0
"24",0.0444824372667271,0.486756599793281,0,0.467870044168408,0.000890918771584001
"25",0.14461346533585,0.127515780710082,0.279147959741662,0.0467816536373418,0.401941140575064
"26",0,0.634680971913236,0.35802024745954,0.00729878062722374,0
"27",0.412993733869223,0.132820369544979,0.0455475155026316,0.228867395864274,0.179770985218893
"28",0.00142716380767302,0.31932199982577,0.154358688953723,0.283275005721643,0.241617141691191
"29",0.110704040032907,0.326797658436605,0.170681046435815,0.052615062400494,0.339202192694179
"30",0.147389546974959,0.520733812521637,0.293967059050044,0.0379095814533599,0
"31",0.347800679986445,0.489718525199269,0,0.162480794814286,0
"32",0.209174959902782,0.321787970278545,0.117530311505836,0.000532738214525021,0.350974020098312
"33",0.194009735571525,0.596921426226673,0.000469229397068261,0.000319424426144752,0.208280184378589
"34",0,0.480317533654987,0,0.519682466345013,0
"35",0.068387359802767,0.522525584765472,0,0.409087055431761,0
"36",0.411483613166457,0.148918438823237,0.0345912080713816,0.405006739938925,0
"37",0.227534763287421,0.644007417423161,0.0231929383154733,0.00280736732974873,0.102457513644196
"38",0.36401790188466,0.360693923014596,0.0167959747098334,0.25849220039091,0
"39",0.0445235316446303,0.453378647250433,0.150281031468454,0.347675143521048,0.00414164611543476
"40",0.419370265870273,0.419370265870273,0,0.161259468259454,0
"41",0.346261876120934,0,0.245628956798164,0.279389163901958,0.128720003178944
"42",0,0.419080588661924,0.272119283650231,0.150775188565987,0.158024939121858
"43",0.148370679342228,0.355997335367835,0.156001334355572,0.0939596779251582,0.245670973009208
"44",0.305343602852959,0.604118274362419,0,0.0090123742448547,0.0815257485397669
"45",0.108696639438174,0.0340513594061165,0.216554818244061,0.164941024080278,0.47575615883137
"46",0.48449925694057,0.311484295234324,0.0395379521253039,0.122772381269531,0.0417061144302712
"47",0.188364726817215,0.405817636591393,0.405817636591393,0,0
"48",0.474987298257728,0.46184389187332,0.0588693444538575,0.00362371034430192,0.000675755070793029
"49",0.256413469080492,0.429919925637292,0,0.0717010029299344,0.241965602352281
"50",0.230825910596919,0.561697503146597,0.17867054331806,0,0.0288060429384229
"51",0,0.549161226277247,0.0686704145561246,0.382168359166628,0
"52",0.141506543999162,0.0414746398799115,0.217774655100853,0.157449880963846,0.441794280056228
"53",0.453788630111865,0.484769426591569,0.0171063243000929,0.0443356189964729,0
"54",0.00080400550671505,0.381483838235346,0.388408511652179,0.0660036839994268,0.163299960606333
"55",0.205609980153787,0.549099643760072,0.00182929494376406,0.242225215380959,0.00123586576141813
"56",0.147740321253715,0.108452632210435,0.222387787186037,0.0807468341716717,0.440672425178141
"57",0.354398538003358,0.506508490967988,0.119828734442124,0.01926423658653,0
"58",0.000565925909489486,0.251401611498035,0.145047682827866,0.209669976582526,0.393314803182084
"59",0.167639887542489,0.495168443367048,0,0.337191669090463,0
"60",0,0.492053950351245,0,0.492053950351245,0.0158920992975103
"61",0.145077970053727,0.110995238547966,0.15019494506349,0.165304345990718,0.4284275003441
"62",0.350307071365945,0.345908249921077,0.303784678712978,0,0
"63",0.337131091681951,0.366967906415522,0,0.295901001902527,0
"64",0.0275359202781237,0.559012711919583,0.262596838417362,0.150854529384931,0
"65",0.301072593039124,0.289292643229882,0,0.409342941559661,0.000291822171333411
"66",0.223320626180494,0.407935604045401,4.42096663063015e-05,0.351476151555664,0.0172234085521352
"67",0.107721040808054,0.130417958228055,0.200231591038679,0.111614231426502,0.450015178498711
"68",0.188523580761161,0.544841562762782,0,0.266634856476056,0
"69",0.270419692992502,0.0411151909422593,0.000895679536733992,0.462186841298622,0.225382595229882
"70",0.103860644398256,0.492403348040046,0.0596669213473878,0.341290062820791,0.00277902339351919
"71",0.106682122870294,0.33378399146201,0.157259183078074,0.00781323626586311,0.394461466323758
"72",0.438410533065449,0.438410533065449,0,0,0.123178933869102
"73",0,0.407302100853922,0.0742880384145419,0.407302100853922,0.111107759877613
"74",0,0.81106280813464,0.0352440553066007,0.153693136558759,0
"75",0.299740818346873,0.402913906013171,0,0,0.297345275639956
"76",0.469782999749504,0.136741896583946,0.0411429367132608,0.352332166953288,0
"77",0,0.493036340964114,0,0.506808343510311,0.000155315525574079
"78",0.350791279644274,0.406860761227064,0.00123515717060205,0.194375996735648,0.0467368052224117
"79",0.0559774196769902,0.479039466589828,0,0.464749653763278,0.000233459969903705
"80",0,0.59364858239962,0,0.342920913894358,0.0634305037060221
"81",0.392278897218946,0.392278897218946,0.215442205562108,0,0
"82",0,0.333170506708217,0.333603644062699,0.333225849229084,0
"83",0.188357340246464,0.140108184657853,0.161376509775188,0.0578272883660455,0.45233067695445
"84",0.302584217251252,0.575134386629743,0.115779560075928,0.00251910790048095,0.00398272814259642
"85",0.132324083597228,0.0400903932303285,0.226474937212285,0.132223705179947,0.468886880780211
"86",0.100538445389878,0.498776959316536,0.018301324085875,0.136868032129704,0.245515239078007
"87",0.333333333333333,0.333333333333333,0.333333333333333,0,0
"88",0.0457895908660896,0.434469068920836,0,0.426208532817597,0.0935328073954771
"89",0.0407297992640669,0.679506231635945,0.160358119674687,0.0994855396425459,0.0199203097827553
"90",0.233898902363905,0.539981076687508,0.169832069729807,0,0.0562879512187794
"91",0.33358692114074,0,0.332826157718521,0.33358692114074,0
"92",0,0.505171884540286,0.0017867679012283,0.492791854150835,0.000249493407650933
"93",0.275287803629932,0.4387811673755,0,0.0850627630446723,0.200868265949896
"94",0.0921705268547847,0.0625754390861481,0.134910357795534,0.30517063471635,0.405173041547183
"95",0,0.354219885372069,0.26176867255662,0.354389407483626,0.0296220345876854
"96",0,0.487946122179351,0,0.487946122179351,0.0241077556412978
"97",0,0.5,0,0.5,0
"98",0,0.5,0,0.5,0
"99",0,0.367249357657471,0.206538843681809,0.139986981541338,0.286224817119382
"100",0.114091915400591,0.192277827403869,0.299325447149375,0.00360257839973942,0.390702231646426
"101",0.160110223205186,0.116653405505476,0.373281905750098,0.34995446553924,0
"102",0.499928296396244,0.499928296396244,0.00014340720751279,0,0
"103",0.0693747174431071,0.46009243422654,0.000182082943827097,0.467251348099638,0.0030994172868869
"104",0.156873971736078,0.33324952311076,0.0265258848999099,0.373991872204892,0.10935874804836
"105",0.418861381318214,0.111277590165155,0.200449005583856,0.269412022932775,0
"106",0.246866210248165,0.390224094171405,0.15432605175494,0.20858364382549,0
"107",0.00488534892942753,0.362957149201036,0.129486848841458,0.426926247927663,0.0757444051004164
"108",0.359415259000614,0.451061950506818,0.0741124938157137,0.110729733326656,0.00468056335019848
"109",0.160846693905655,0.000343879440056731,0.417026539507044,0.421782887147244,0
"110",0.235002333945755,0.456438127863506,0,0.308559538190739,0
"111",0.398257780111476,0.0615428617363197,0.0613408278724687,0.477113678366107,0.00174485191362821
"112",0.13002325609031,0.408633741962485,0.15819302035892,0.00706928130310881,0.296080700285177
"113",0.000119289683590252,0.259030297143456,0.129848687236036,0.430789365228217,0.180212360708701
"114",0.000154395108927104,0.310012373234181,0.0352136964764331,0.468256892301042,0.186362642879418
"115",0.129013892530064,0.0673529478026901,0.227231860024954,0.11348999615668,0.462911303485612
"116",0.119706882658394,0.131545682216357,0.155647854378596,0.172922650195371,0.420176930551282
"117",0.398717732273017,0.403624674904689,0,0.197354357980069,0.000303234842225913
"118",0.000691478410197472,0.445958876680752,0.109256397443344,0.444093247465706,0
"119",0.0197747998082704,0.566491910700884,0.309458102274031,0,0.104275187216815
"120",0.320826931644079,0.34259588288518,0.255434162358831,0.00134802408437331,0.0797949990275381
"121",0.339194812884576,0.339194812884576,0.321610374230848,0,0
"122",0.00387883325998644,0.602858011884638,0,0.354087475004046,0.0391756798513291
"123",0.280144447539687,0.359927776230157,0.359927776230157,0,0
"124",0.0550152917399731,0.000131774626731711,0.224935399095816,0.469209861511518,0.250707673025961
"125",0.0154929382839897,0.384983604760285,0.158013777173708,0.153294451209696,0.288215228572321
"126",0.460903154392892,0.296860162441616,0,0.242219088809473,1.75943560195418e-05
"127",0.0981731364961559,0.430504279073351,0.456179546002973,0.0151430384275196,0
"128",0.278171158711699,0.35237976614008,0.0431936510068278,0.321179189003173,0.00507623513821996
"129",0.0586142014571258,0.473985315014469,0,0,0.467400483528405
"130",0.137602482709048,0.042251147475893,0.236832090270171,0.110170792049107,0.473143487495782
"131",0.0029757591597138,0.384371322781983,0.180435452321004,0.246853477986233,0.185363987751066
"132",0,0.5,0,0.5,0
"133",0.0564471095825829,0.547249130095601,0.396016472683696,0,0.000287287638120523
"134",0.497366488244632,0.502548718081708,0,0,8.47936736598251e-05
"135",0.296738720099476,0.436250305601324,0.117382237802435,0.000296262752466494,0.149332473744299
"136",0.12789217876773,0.421461354397934,0.00525758888028908,0.42617186263606,0.0192170153179866
"137",0.427188346427238,0.550261433552602,0.0225502200201606,0,0
"138",0.158579339788634,0.0724942292108164,0.247653408797958,0.0955181874916147,0.425754834710976
"139",0.0978931495745142,0.432269574498839,0,0.236896676965456,0.232940598961191
"140",0.266093219173142,0.513003024122704,0.00288665897381389,0.13890469468654,0.0791124030438005
"141",0.33767656248771,0.485494669463778,0.0648008735590343,0,0.112027894489478
"142",0.101221226288174,0.321003051290426,0.0864434182136455,0.25629099221251,0.235041311995244
"143",0.288869619946378,0.359580797062199,0.000711050243929131,0.350838532747494,0
"144",0.47594639039168,0.419116618502093,2.33508113780579e-05,0.104376479671664,0.000537160623185246
"145",0.00452987240388886,0.6193175018816,0,0.0192412361648269,0.356911389549684
"146",0,0.400733532443934,0.22190445162482,0.376388995438966,0.000973020492279238
"147",0.348188681189545,0.0353568948706403,0.0103589720165055,0.319124664720841,0.286970787202469
"148",0.000804164994702157,0.442104745343554,0.000319458068631828,0.427930016046979,0.128841615546133
"149",0.136404296398021,0.736814991892528,0,0,0.126780711709451
"150",0.220012981112345,0.182426871840924,0.0988648616875831,0.195551116688207,0.303144168670941
"151",0.0436014584015432,0.566912743343034,0.256203575822911,0,0.133282222432512
"152",0,0.340458016791413,0.17852233366295,0.381691805754979,0.0993278437906577
"153",0,0.52544179490184,0.472294313658963,0.00226389143919695,0
"154",0.139669844676034,0.313678214947458,0,0.546651940376508,0
"155",0.0374189461800065,0.587587540589189,0.345592161107581,2.99106957502094e-05,0.0293714414274734
"156",0.22927851152725,0.0876345907434658,0.119175809193522,0.158676650658641,0.405234437877121
"157",0.0531276403270368,0.520501178213957,0.000262188907832667,0,0.426108992551174
"158",0,0.356224893562128,0,0.289932801027358,0.353842305410513
"159",0.373810029433723,0.347578156370849,0.177682668028883,0.0623944200285048,0.03853472613804
"160",0.21259186320268,0.273770968817077,0.200977373964158,0.000987302227944756,0.31167249178814
"161",0.32520160883995,0.337399195580025,0.337399195580025,0,0
"162",0.000789346574667255,0.496060365800903,0.355728951609369,0.0645939094731753,0.0828274265418855
"163",0.345333419287616,0,0.345333419287616,0.309333161424769,0
"164",0.392136332915181,0.394231785022772,0,0.169470543761145,0.0441613383009026
"165",0.393648063395482,0.342877649063868,0,0.26347428754065,0
"166",0.266711204141618,0.661393508632759,0,0.000588574309298928,0.0713067129163239
"167",0.140780453579687,0.0258038543514671,0.225687721107423,0.138069785953906,0.469658185007516
"168",0.00976704044664603,0.478867840032868,0.0329156345491003,0.000211903313057324,0.478237581658328
"169",0.432598014605377,0.548095686247134,2.19634789719124e-05,0.000204463668233403,0.0190798720002842
"170",0,0.40735348061547,0,0.406283640818855,0.186362878565675
"171",0.00532555011788252,0.356659888305635,0.251849174808292,0.134458681682697,0.251706705085493
"172",0.130426877387106,0.0445905716482569,0.229041655396725,0.129276354947573,0.466664540620339
"173",0.116445709839977,0.559614603582189,0.112259469140395,0.0739073573207934,0.137772860116645
"174",0.169318209593265,0.653790368447889,0,0,0.176891421958846
"175",0.362819783409195,0.156113711743343,0,0.481066504847461,0
"176",0.0045700590140711,0.971243054645827,0,0.024186886340102,0
"177",0.0412900375861367,0.720801373447403,0,0.0657385670184323,0.172170021948028
"178",0.416100406622922,0.416100406622922,0.0981403098940032,0,0.0696588768601538
"179",0.354548343925191,0.544570201978222,0,0.00110798781123999,0.0997734662853471
"180",0,0.331233809986343,0.330903034481444,0.0066293455458703,0.331233809986343
"181",0.112855572107307,0,0,0.557946140652557,0.329198287240136
"182",0,0.401225858968785,0.27354242027161,0.00149819840499968,0.323733522354606
"183",0.286507817932705,0.299414512515866,0.00725806355350737,0.383336226794831,0.0234833792030902
"184",0.0123533385044427,0.467232188739103,0.000218372467339029,0.520196100289115,0
"185",0.0948025492082521,0.594605659376712,0.259901679662656,0.00300434104183467,0.0476857707105455
"186",0,0.5,0,0.5,0
"187",0.0377343924329102,0.291145256677331,0.36722453687699,0.29604735896522,0.00784845504755007
"188",0.203017156803073,0.327039653502903,0.145220101710748,0.106059658278439,0.218663429704837
"189",0.150230612866801,0.0288873751195983,0.250533907114409,0.136796621358725,0.433551483540466
"190",0.337581249605866,0.453759048494694,0.166079085068853,0,0.0425806168305875
"191",0.21654003790884,0.452091170828144,0,0.331368791263016,0
"192",0.344032931906551,0.138153702058052,0.0817829819763001,0.436030384059096,0
"193",0.391889804856169,0.511751726613079,0.0671438024913763,0.0292146660393763,0
"194",0.420989958278341,0.349968028022785,0.112592988652548,0.088417324052282,0.0280317009940441
"195",0.367821121155538,0.101898184418444,0.000739257712474747,0.396477097306013,0.13306433940753
"196",0.174032307474497,0.0950885611248831,0.138516745274546,0.317589742219467,0.274772643906607
"197",0.353470796100657,0.406524632266212,0.149653263171768,0,0.0903513084613627
"198",0.0274766338315453,0.516331748559656,0,0.430667352593897,0.025524265014902
"199",0.269625761858731,0.488344405474787,0.183488434753869,0,0.0585413979126136
"200",0.247911527048211,0.200670227596695,0.0955841690623851,0.450894363178268,0.00493971311444079
"201",0.14938840614095,0.044621652979186,0.205558275264135,0.187690716190577,0.412740949425152
"202",0.374832592006151,0.487101781324776,0.136104785982516,0,0.00196084068655678
"203",0.165252675415149,0.213077660499087,0.188276111480652,0.0235364887520398,0.409857063853072
"204",0.115737323411341,0.0603067619846791,0.231440431090227,0.126142869989046,0.466372613524707
"205",0,0.492401533279357,0.272328670736039,0.12667837460147,0.108591421383133
"206",0.0062459787124007,0.662686107429676,0.0498238709324828,0.00121242842821817,0.280031614497222
"207",0.112912466817829,0.458431384212577,0.0380814279399589,0.390574721029635,0
"208",0.0230190135627262,0.451875790468287,0.0948475780259,0.430257617943087,0
"209",0.304570073118874,0.0972246737507674,0.128998352242014,0.469206900888344,0
"210",0.146441221759466,0.452903644024264,0.00677286825861641,0.393882265957654,0
"211",0.0993423598712621,0.271251290027771,0.000275947020639514,0.473895148472766,0.155235254607562
"212",0.373358016635077,0.25475503046797,0,0.371886952896953,0
"213",0.209933005987245,0.141643999895213,0.328949892412905,0.319473101704637,0
"214",0.0115954103442337,0.832125092317599,0.0682195487351769,0.0366375661484174,0.0514223824545726
"215",0.0852502626566716,0.336171315804359,0.16796466588334,0.0597278699221819,0.350885885733447
"216",0.332380375943698,0.646802739947203,0.0208168841090987,0,0
"217",0.000125847585852146,0.354920748010102,0.330112732441336,0,0.314840671962709
"218",0.367371465163857,0.505524704529111,0,0.127103830307032,0
"219",0.143523335502541,0.0577387560084522,0.200068240408339,0.142469054219228,0.456200613861439
"220",0.22718037227856,0.0547290909347744,0.218867530286001,0.256430486278466,0.242792520222199
"221",0.225620551480941,0.197181994620373,0.144774319251673,0.0319280467514182,0.400495087895595
"222",0.0583947910577205,0.470175828792203,0,0.471429380150077,0
"223",0.170506702859504,0.359483587499399,0.187787512253292,0,0.282222197387806
"224",0.220963466661806,0.389491656119906,0,0.389544877218288,0
"225",0.376023732828753,0,0.247135737954933,0.376023732828753,0.000816796387560116
"226",0.144148698156612,0.479683879119945,0.21907493227822,0,0.157092490445223
"227",0.168187449561384,0.0655883161329422,0.171237698574557,0.18809626788725,0.406890267843867
"228",0.336857058761174,0.534301418085385,0.1047835489732,0.00368186484713575,0.0203761093331051
"229",0.0226300538359275,0.482172487206921,0.00946260962178567,0.485734849335366,0
"230",0.391959455009543,0.391959455009543,0.0189258968065509,0,0.197155193174363
"231",0,0.38952167138524,0.23319919518725,0,0.377279133427509
"232",0.000418029824487816,0.436506349363131,0,0.435165274159398,0.127910346652983
"233",0.00157517977734741,0.706603443072857,0.0413079364280789,0.000686013022299409,0.249827427699417
"234",0.426500932621382,0.0305508409811435,0.0733864473160383,0.430203534593497,0.0393582444879389
"235",0.00100462791915182,0.526089808988664,0.354010276629517,0,0.118895286462668
"236",0.122313511305386,0.208680801128869,0.161045082630543,0.118800714346387,0.389159890588814
"237",0,0.5,0.5,0,0
"238",0.179053565151862,0.416341974727487,0.291873786074639,0,0.112730674046011
"239",0,0.473020827491772,0.0539583450164556,0.473020827491772,0
"240",0.333333333333333,0.333333333333333,0.333333333333333,0,0
"241",0.215147180216492,0.431724478930224,0.0861321783157022,0.266996162537582,0
"242",0.0264499531772449,0.628642719022705,0.0922902963314795,0.11150640595672,0.141110625511851
"243",0.426050604138108,0.434489968497707,0.12034725070457,0.0191121766596139,0
"244",0.42124040814178,0.359745238344471,0.0459329743166389,0.173081379197111,0
"245",0.30743144326825,0.454821649251658,0.0747739767122975,0.162972930767794,0
"246",0.5,0,0,0.5,0
"247",0.360339351371633,0.247281415938136,0.000232336584902316,0.387123700178328,0.00502319592699943
"248",0.314151999933048,0.27229698390771,0.0888889380012508,0.0112010767127278,0.313461001445263
"249",0.00898512273615565,0.108183416952026,0.277448509104308,0.24561412430158,0.35976882690593
"250",0,0.497054964706865,0.477510128402696,0,0.0254349068904389
"251",0.435595780934037,0.189783105368862,0.0219879935746756,0.345435933189886,0.00719718693253975
"252",0.178348951291649,0.401571672698641,0,0.401179929848816,0.0188994461608936
"253",0,0.436971267841685,0.126043187336432,0.436971267841685,1.42769801983745e-05
"254",0,0.249478101728766,0.330936124861052,0.419585773410182,0
"255",0.321624704613698,0.451253798545448,0.225020517188654,0.00113045804343303,0.000970521608766508
"256",0.413751258282707,0.522565267757191,0,0.0636834739601016,0
"257",0.376476869108693,0.376476869108693,0.159230600180555,0,0.0878156616020584
"258",0.395497407230654,0.598901117567088,0,0.00174291610032798,0.00385855910193033
"259",0.419967552264027,0.419967552264027,0.160064895471946,0,0
"260",0.182554698170211,0.430182728244685,0.0864086732095386,0.289692673147734,0.0111612272278321
"261",0.0415105442642552,0.449849316939947,0.110916169015411,0.352693699520364,0.0450302702600226
"262",0.216154839456866,0.421718148995972,0.0923523661039103,0,0.269774645443251
"263",0.115691397066097,0.366938740311008,0.236552430739207,0.280817431883689,0
"264",0.0345300161806242,0.515809151677125,0.000238230322644599,0.38968611855642,0.0597364832631858
"265",0.443415698254382,0,0.113168603491235,0.443415698254382,0
"266",0.0151124749957609,0.49244376250212,0,0,0.49244376250212
"267",0,0.439109129024682,0.414011077115049,0.146879793860269,0
"268",0.191902760417873,0.270656415234957,0.153233140485216,0.00596266604038839,0.378245017821565
"269",0,0.421563573668413,0.156872852663173,0.421563573668413,0
"270",0.0770797178590616,0.468281060600899,0.0574475308946961,0.187894289248812,0.209297401396531
"271",0.0128354289227539,0.403406356954453,0.00425391438071342,0.296827046255536,0.282677253486544
"272",0.100783201258635,0.229212585190924,0.119941208184804,0.248608105194678,0.301454900170959
"273",0.602809660074384,0,0,0.397190339925616,0
"274",0.446753232309887,0.130733549807265,6.39434979606027e-05,0.422449274384887,0
"275",0.364238771039141,0.417639416728646,0.218121812232213,0,0
"276",0.0006505934808776,0.440308190217047,0.118936519878942,0.440104696423133,0
"277",0.33788401216762,0.347920057754888,0,0.314195930077492,0
"278",0.313868010288668,0.537685159256621,0.00474869625791592,0.117461217305476,0.026236916891319
"279",0,0.71529882533127,0.28470117466873,0,0
"280",0.190176931077813,0.12471955165622,0.23025878985429,0.0253323757213325,0.429512351690345
"281",0.121201061349384,0.0333622652018492,0.230631197903435,0.143276369231155,0.471529106314178
"282",0.168576001930544,0.213461697351909,0.128152887907002,0.125011982913222,0.364797429897323
"283",0.0061704176839902,0.391592735232638,0.16382564186233,0.428094349739642,0.0103168554813999
"284",0.194552292999717,0.515281877129276,0.283973307549337,0,0.00619252232166994
"285",0,0.475307049550513,0,0.477697261480303,0.0469956889691835
"286",0.279014638598304,0.720985361401696,0,0,0
"287",0.147566473057633,0.580940458088546,0.27149306885382,0,0
"288",0.106208810993589,0.569911575402152,0.000227714687405148,0.223471502508789,0.100180396408065
"289",0.0112177512668802,0.317525946448539,0.234838298991402,0.0663769451206133,0.370041058172565
"290",0.160972968994248,0.517167009649637,0.111495857024897,0,0.210364164331218
"291",0.13222274963125,0.0633434359035693,0.197361990163177,0.138155573880625,0.468916250421379
"292",0.378823382443003,0.617688243120849,0,0,0.00348837443614864
"293",0.194455228737563,0.511570474781635,0.24246527312183,0,0.0515090233589732
"294",0,0.732233625925418,0.00222508692651944,0,0.265541287148062
"295",0.317657204002441,0.426406681178641,0.212867581228951,0.0429367653521739,0.000131768237793109
"296",0.399644665300008,0.0684584672309786,0,0.531896867469014,0
"297",0.25845524741963,0.370772376290185,0,0.370772376290185,0
"298",0.160883254376332,0,0,0.838286243257986,0.00083050236568224
"299",0.0284687711301707,0.417415579772804,0.208569503674413,0,0.345546145422613
"300",0.5,0,0,0.5,0
"301",0.0644763261231253,0.409746952658894,0.192106841753238,0.0263659051744479,0.307303974290295
"302",0.176098294755923,0.344998099510314,0.267326649164094,0,0.211576956569669
"303",0.0388891312256508,0.332134515761056,0.295627935198273,0.33334841781502,0
"304",0.443790165551216,0.556209834448784,0,0,0
"305",0,0.616597993157041,0,0.0209127892368617,0.362489217606097
"306",0.0873617010837549,0.0914494997495056,0.175276707472518,0.208039757577192,0.43787233411703
"307",0.358667357168084,0.138881499270293,0.161338138713257,0,0.341113004848365
"308",0.328916709500616,0.346724435496212,0,0.260205163907828,0.0641536910953442
"309",0,0.575263029637087,0.252781961798634,0,0.171955008564279
"310",0,0.289627255399391,0,0.525341347898322,0.185031396702287
"311",0.348943958986262,0.375229234272988,0,0.221539072745671,0.0542877339950793
"312",0,0.490546127723593,0.0185807518647034,0.490546127723593,0.000326992688110834
"313",0.17805974522743,0.125547021219233,0.176457754583937,0.0645198420763161,0.455415636893084
"314",0.223315516871028,6.17595568898707e-05,0.170604872503376,0.606017851068706,0
"315",0.223146549114703,0.687766527328832,0.000121406693520528,0.0767449566812578,0.0122205601816858
"316",0.223865200491399,0.380471052463338,0.0377969850564456,0.325067222789371,0.032799539199447
"317",0.126749421196447,0.0869232227743392,0.201375670976318,0.141014359345554,0.443937325707343
"318",0,0.5,0,0.5,0
"319",0,0.596979158937069,0,0,0.403020841062931
"320",0.304445075303636,0.094397470371391,0.0288449477095646,0.185323042236873,0.386989464378536
"321",0,0.256501198024061,0.00326064422933636,0.370601956770124,0.369636200976479
"322",0.334522609564718,0.286961629189674,0.0802118232720928,0.253977301542319,0.0443266364311957
"323",0,0.5,0,0.5,0
"324",0,0.487561837950936,0.485739663713092,0.0266984983359718,0
"325",0.00698690635017818,0.415631490750641,0.345349944287723,0.215148910540437,0.0168827480710206
"326",0.0373673045452173,0.480867076625986,0.00276963936103658,0.469660766584634,0.00933521288312632
"327",0,0.442394512821118,0.11529078767217,0.442314699506712,0
"328",0.176017725424962,0.332011590468418,0.0424552880631379,0.449515396043482,0
"329",0.242469276622883,0.0584734269923566,0.168145313298968,0.0974533184457522,0.433458664640041
"330",0.794716100310563,0.0218188553242985,0.170028448586525,0.0134365957786129,0
"331",0,0.380067253482648,0,0.380293281119028,0.239639465398324
"332",0.0538267159502043,0.433436321377997,0.25326373717717,0,0.259473225494628
"333",0.497301594651033,0.497234968607913,0.00191964197500536,0,0.00354379476604869
"334",0.493419831233152,0.493419831233152,0,0,0.0131603375336969
"335",0.102444757431418,0.231123944388436,0.110763746972047,0.2398341236079,0.3158334276002
"336",0.426617337071097,0.00205212510565006,0.00717363770253371,0.544308845127261,0.0198480549934583
"337",0.154070900561155,0.477587362238368,0.00604363071296461,0.303126866640154,0.0591712398473576
"338",0,0.598216729753448,0.0701233888691122,0.0435101212125532,0.288149760164886
"339",0.137633144741718,0.126332691342122,0.15873697821361,0.284935274525594,0.292361911176956
"340",0.256740515672256,0.019596894622908,0.0247762740006709,0.649354432475572,0.0495318832285928
"341",0.232918138476543,0.378059982244519,0,0.389021879278938,0
"342",0,0.335751185032703,0.334592898725306,0.329655916241991,0
"343",0.42793485685409,0.42793485685409,0.0205007530444078,0,0.123629533247412
"344",0.00680409018353563,0.32044627519946,0.18286359415809,0.0866276093404332,0.40325843111848
"345",0.247029270096523,0.417325557803866,0.0284705809435553,0.261339328686747,0.0458352624693091
"346",0.00689652161381118,0.309813929399042,0.0165157310408797,0.422324659772273,0.244449158173994
"347",0.0306987862671708,0.472605371321216,0.174738043678644,0.255297673572552,0.066660125160417
"348",0.0876885532528603,0.48318396305831,0.32422243933979,0.10490504434904,0
"349",0.00189453289564338,0.499052733552178,0,0.499052733552178,0
"350",0.000518703906722739,0.418518350627588,0.0955912728532138,0.39441491480573,0.0909567578067446
"351",0.333333333333333,0.333333333333333,0,0.333333333333333,0
"352",0,0.426462105380521,0.0569891630840402,0.422956413124258,0.0935923184111805
"353",0.130208918355888,0.436017312376061,0.000188415317184109,0.433585353950867,0
"354",0.386891814369539,0.384479344044735,0.221341628323779,0.00728721326194735,0
"355",0.257029964456227,0,0.227559651152686,0.515410384391087,0
"356",0,0.160648173560068,0.419642676682865,0.408772122836,0.0109370269210669
"357",0.329384817261875,0.516107316112788,0,0.154507866625337,0
"358",0.464962718353188,0.0172325135317258,0.455269146125534,0.0625356219895515,0
"359",0.370467637558982,0.232321823098203,0.196330215984832,0.0854179532117564,0.115462370146226
"360",0,0.5,0,0.5,0
"361",0.401822033455727,0.0793849924106557,0.117120250653802,0.401672723479816,0
"362",0.450623173354206,0.450623173354206,0.098753653291588,0,0
"363",0.313013661179214,0.340664712308513,0,0.345062444172044,0.00125918234022906
"364",0.360961764024336,0.473322287064898,0.041065669800269,0.0716378516762216,0.0530124274342753
"365",0.208074102611321,0.188349288526496,0.148593234754036,0.0398420521582342,0.415141321949913
"366",0.156311440594501,0.223366009254739,0.163122588114002,0.248444979273393,0.208754982763365
"367",0.384761180241824,0.385025762946927,0.23021305681125,0,0
"368",0.0792650055485021,0.428558897432891,0.000134827208848093,0.490918017571527,0.00112325223823129
"369",0.282885489449932,0.276222577462927,0.00653625905772519,0.434355674029416,0
"370",0.211365092753283,0.0243659329368357,0.197292637477386,0.21617835779801,0.350797979034486
"371",0.180676300632118,0.109404505165586,0.245537671209263,0.175372099007905,0.289009423985127
"372",0.314072950929569,0,0.324781560188736,0.361145488881695,0
"373",0.356944607263956,0.325306713234352,0.193001129345257,6.15002157211321e-06,0.124741400134862
"374",0.312392089950912,0.502303240802404,0.134220544341859,0.0510841249048254,0
"375",0.360014720967142,0.08382837764325,0.218377983861979,0.33777891752763,0
"376",0.14644553034991,0.602403612262548,0,0.00798770656633057,0.243163150821211
"377",0.00893582393443693,0.0612553681436685,0.0741105747105681,0.58561550612834,0.270082727082987
"378",0.0986410490006085,0.304025423233267,0.228795552280962,0.0620091023809988,0.306528873104163
"379",0.31766839702258,0.516569455439133,0,0.165762147538287,0
"380",0.0201931441238596,0.467410411697124,0.126742959257093,0.132970593780992,0.252682891140931
"381",0.0663718513440245,0.55753259954006,0.336535463044644,0.00325853385360618,0.0363015522176646
"382",0.453977259161578,0.453977259161578,0.0920454816768449,0,0
"383",0,0.650933508111263,0,0.163099165585908,0.185967326302828
"384",0,0.5,0,0.5,0
"385",0.271203552318888,0.200459054205716,0.305100253073491,0,0.223237140401905
"386",0.471088422498042,0.52385622849536,0.00150532161664669,0,0.00355002738995178
"387",0.137070325838494,0.299289488836007,0,0.282191709791238,0.281448475534261
"388",0,0.379105317303515,0.293580813501816,0.327313869194669,0
"389",0.418749861957577,0.21292621124764,0,0.366158516639592,0.00216541015519092
"390",0.209605033925001,0.0768046877903977,0.12907120020557,0.476385934274014,0.108133143805018
"391",0.00111249375389656,0.887912668831335,0.000359736923361418,0.109375163385263,0.00123993710614413
"392",0.309101225637269,0.386342759891562,0.00391342620896262,0.206614868872814,0.094027719389392
"393",0.0802229887051539,0.422031015373692,0.00667177067084831,0.48987513136946,0.00119909388084552
"394",0.0930408010249854,0.0749737998757367,0.25768616079061,0.107486462025515,0.466812776283153
"395",0.45908016245685,0.374124479993327,0.0707769757569749,0.0925066316165242,0.0035117501763238
"396",0.435617251994756,0.0859417081816613,0.0276982565269144,0.423575200440249,0.0271675828564196
"397",0.135863660954976,0.738589029233773,0.122915660670864,0.00263164914038758,0
"398",0,0.980003721710788,0,0.019996278289212,0
"399",0.228484785399844,0.289156126632318,0.0603447097348564,0.367348385801256,0.0546659924317249
"400",0.454795243588607,0.171765538025332,0.0113125895039255,0.180561437544854,0.181565191337282
"401",0,0.449397144084848,0.101805538929878,0.448627379567146,0.000169937418127749
"402",0.220539081244116,0.107625843401293,0.204581447111466,0.0763881034231942,0.390865524819931
"403",0,0.382203129320333,0,0.235593741359333,0.382203129320333
"404",0.5,0.5,0,0,0
"405",0,0.640944447992249,0,0.359055552007751,0
"406",0.39753530273623,0.0410284691465125,0.154733914756844,0.406667627346907,3.46860135064991e-05
"407",0.459646978841216,0.00789900672235717,0,0.532454014436427,0
"408",0.115398918291695,0.636844806251396,0.0322364208843121,0.0181638508583315,0.197356003714266
"409",0.0230552102465487,0.650305851505086,0.154619027534078,0.0898487963132178,0.0821711144010687
"410",0.100793667456781,0.873862441761209,0.0209785997474084,0.00245752061538447,0.00190777041921643
"411",0.140610741436761,0.299044943245007,0.262271501581472,0.000539913816881156,0.29753289991988
"412",0.499993696323845,0.500006303676155,0,0,0
"413",0.325194552194741,0.33633719460437,0,0.338468253200889,0
"414",0.386496605294166,0,0.227006789411667,0.386496605294166,0
"415",0.0589759699218589,0.462699624588898,0.374276946745023,0,0.10404745874422
"416",0.364413466111821,0.281373468928128,0.0939035571946054,0.237125347111885,0.0231841606535604
"417",0.420546737530631,0.415343520951857,0.00433660657703877,0.159773134940473,0
"418",0.310682547595122,0.435278291164322,0.0706389360658698,0.12751599338281,0.055884231791876
"419",0.0650159862103247,0.220359351997761,0.176660786790715,0.361307785706041,0.176656089295158
"420",0.127567604868558,0.416222250220662,0.1748301210003,0,0.281380023910479
"421",0.000195681035259641,0.499496935332144,0,0.32141813732644,0.178889246306156
"422",0.266803559736658,0.379858393691436,0,0,0.353338046571906
"423",0.382147488323965,0.38630297303017,0,0.175208993302506,0.0563405453433582
"424",0.496264503238709,0.00657380455353941,0.000507740950066279,0.496653951257685,0
"425",0,0.391165684784791,0.279667192494915,0,0.329167122720294
"426",0.370743974973987,0.115824463197325,0.0861181383711557,0.427313423457532,0
"427",0.183171474602303,0.133412008712285,0.195575096317811,0.121525482964524,0.366315937403077
"428",0.0301108416418003,0.405358234388578,0.046099495637943,0.506066422355203,0.012365005976475
"429",0.375555029867195,0.249629716832448,0,0.374815253300357,0
"430",0.127134278243625,0.378613948704961,0.301610998006932,0,0.192640775044482
"431",0.1227169280341,0.686397341743496,0.189310181837459,0,0.00157554838494474
"432",0.258184154058944,0.14570838635487,0.110890007169174,0.133477301210476,0.351740151206536
"433",0.353763578417876,0.361674945323865,0.284475651519688,0,8.58247385713196e-05
"434",0.140889928708561,0.430825305893018,0.00648735309273412,0.41191473242276,0.00988267988292744
"435",0,0.510790613477231,0.489209386522769,0,0
"436",0.106462564851638,0.542134318493846,0.340796446770282,0,0.0106066698842336
"437",0.0840420773362053,0.145219793837092,0.137139318809008,0.203171625619066,0.430427184398629
"438",0.433099364751565,0,0.120133016803599,0.445697937908863,0.00106968053597424
"439",0,0.417231878205168,0.314141578467878,0.268626543326954,0
"440",0.127740030483699,0.0545668348595547,0.231485386690402,0.121272058088234,0.46493568987811
"441",0.312149555850802,0.390796779215778,0.0730167092645403,0.164013925519482,0.0600230301493972
"442",0,0.381857586083626,0.274497710395216,0.0687126161293434,0.274932087391815
"443",0,0.476760001019835,0.328387962643266,0.0474878111300589,0.147364225206841
"444",0.123275686300919,0.324183960136805,0.357760924991119,0.194779428571157,0
"445",0.145318393809828,0.0847930379240641,0.21990599237844,0.101086670639373,0.448895905248294
"446",0.363079055347557,0.431512184036256,0.205408760616187,0,0
"447",0.33664596806128,0.429349264894068,0.0329251243678127,0.201079642676839,0
"448",0.09291229439738,0.425118700082549,0,0.425118700082549,0.0568503054375227
"449",0.0893936363446882,0.472969474816867,0.0364830685724192,0.129602032820072,0.271551787445954
"450",0.0280104450056386,0.444595643164124,0.0451255940248329,0.245841740896334,0.236426576909071
"451",0.0224948325558474,0.389167392988205,0.0566466920975703,0.450899964873004,0.0807911174853734
"452",0,0.333563590232621,0,0.333563590232621,0.332872819534759
"453",0.109759449703995,0.44312846972105,0.000642942480554911,0.444105694625296,0.00236344346910447
"454",0.179092552823452,0.302018365243175,0.0302371245197324,0.488651957413641,0
"455",0.21769735011255,0.546665113596445,0.0634191848647487,0,0.172218351426256
"456",0.5,0,0.5,0,0
"457",0,0.388080307870219,0.223839384259563,0.388080307870219,0
"458",0.177723246595155,0,0.203644761629278,0.456638552679013,0.161993439096554
"459",0.00309213722882635,0.765242912884033,0.0158947573842632,0.000290596687824721,0.215479595815053
"460",0.11601547196423,0.238429022834002,0.200568567690791,0.04991848433047,0.395068453180507
"461",0.193940086868165,0.00055251068102139,0.210904361238257,0.184156630075951,0.410446411136606
"462",0.116363025146484,0.146056854160533,0.222317081871258,0.105347019235388,0.409916019586338
"463",0.52987849253415,0.155568168960745,0.055193048938796,0,0.259360289566309
"464",0.527096111161922,0.0857557239999407,0,0.387148164838137,0
"465",0.405750601512463,0.406041818641784,0.0948904825325377,0.00340588115737937,0.0899112161558359
"466",0,0.497577590687222,0.00458392992595339,0.497577590687222,0.000260888699603002
"467",0.23004888277626,0.364219524709072,0,0.387586196008102,0.0181453965065657
"468",0.329030793618844,0.328791183751033,0.316078653476709,0,0.0260993691534137
"469",0.0410718721450268,0.206716470875387,0.223497077921889,0.101920843717476,0.426793735340222
"470",0.262786648155447,0.450383044844418,0.234409180395245,0,0.0524211266048902
"471",0,0.5,0,0,0.5
"472",0.398397662399668,0.398609566131326,0.199995595907132,0,0.0029971755618735
"473",0.291766298892003,0.238784543694531,0.116536459014702,0.0123338510633037,0.340578847335461
"474",0.345491799441121,0.345491799441121,0.309016401117759,0,0
"475",0.303085338060453,0.00960683180969327,0.220623958034214,0.0319989184401181,0.434684953655522
"476",0.499968564395241,0.499968564395241,0,0,6.2871209517256e-05
"477",0.497308444599879,0.499995857156727,0,0.0026956982433934,0
"478",0.110890361195838,0.0709211216742118,0.224217843699991,0.144788197542618,0.449182475887342
"479",0.49534038883483,0.49534038883483,0,0.00931922233034006,0
"480",0.00137288892934759,0.752008038175926,0.0735915842071468,0.0266623002735975,0.146365188413982
"481",0.206017264827971,0.0370714122824421,0.18113345996902,0.163568682171989,0.412209180748578
"482",0.16435106673901,0.702612096293512,0,0,0.133036836967479
"483",0.0343998094061978,0.234983698034135,0.183846682281681,0.213293921002721,0.333475889275266
"484",0.109679611046131,0.419177223087792,0,0.419177223087792,0.0519659427782845
"485",0.499101566409175,0.499101566409175,0.00160880417638094,0,0.000188063005269448
"486",0.237976054972988,0.564880659674188,0,0.197143285352824,0
"487",0,0.332884795696445,0,0.49144437415514,0.175670830148415
"488",0.208938680783896,0.00428713480841218,0.185861092044968,0.236299787094057,0.364613305268667
"489",0.0625092539747448,0.1088024222568,0.144867973455376,0.210782462529159,0.47303788778392
"490",0,0.5,0,0.5,0
"491",0.101063288095328,0.0958359654052769,0.210415665524988,0.156267958580851,0.436417122393556
"492",0,0.735750579553459,0,0,0.264249420446541
"493",0.115387869828711,0.493650624492296,0.0828400472945497,0.0958431989600153,0.212278259424428
