"","V1","V2","V3","V4","V5"
"1",0,0.474897108425089,0,0.474897108425089,0.0502057831498219
"2",0.329446518700917,0.10800380974063,0.268794978563104,0.293754692995349,0
"3",0.311275814090661,0.431510121444556,0.0838256984811897,0.0364354858466839,0.13695288013691
"4",0.117619968395738,0.459259515626167,0,0.423120515978095,0
"5",0,0.366528738068438,0.304067560130693,0,0.329403701800869
"6",0.5,0.5,0,0,0
"7",0,0.5,0.5,0,0
"8",8.88912995847553e-06,0.455206966053999,0.0490537788036769,0.453301516967576,0.0424288490447894
"9",0.267516858843133,0.44572765320278,0.286755487954087,0,0
"10",0.126355922089149,0.108075123083566,0.17804661437808,0.157560650036563,0.429961690412642
"11",0.443241267598064,0.00662239596968555,0.415007480056404,6.72885520541184e-07,0.135128183490326
"12",0.0980981816781149,0.258658140827781,0.217145927075272,0.00835779041359112,0.417739960005241
"13",0.17214756380729,0.42158472136815,0.237664299298735,0.0683157929963466,0.100287622529478
"14",0.464641654859146,0.48692842760317,0.0239541363099198,0.000706741815857625,0.0237690394119071
"15",0.344029355489769,0.311941289020462,0,0.344029355489769,0
"16",0.307325488924461,0.380842130171555,0,0.311171916837487,0.000660464066497967
"17",0.000418081665755806,0.0692935867090575,0.0405590448629823,0.684744180225579,0.204985106536625
"18",0.111163164935061,0.454568782165833,0.284080922363634,0,0.150187130535472
"19",0,0.462914093798182,0,0.0803412525837384,0.45674465361808
"20",0.217170597475368,0.396931112944052,0.157698725399754,0.0294063094348028,0.198793254746023
"21",0.459035598880739,0.485271652059494,0.0322064197446689,0.0234863293150981,0
"22",0.106721090111523,0.0141812823982923,0.158807190743946,0.301727329447382,0.418563107298856
"23",0.5,0,0,0.5,0
"24",0.0496843986236814,0.487355100703536,0,0.461508361492581,0.00145213918020152
"25",0.146618356407667,0.12273050960018,0.27925054787704,0.0520503653182715,0.399350220796842
"26",0,0.631821471852803,0.360378671330223,0.00779985681697387,0
"27",0.415914385766928,0.127803818305672,0.0476095542525701,0.227824694647803,0.180847547027027
"28",0.00119122584078705,0.324042222990338,0.151573829034301,0.283055655716488,0.240137066418086
"29",0.106613041168896,0.351263222802074,0.172546659548362,0.0407476996864572,0.328829376794211
"30",0.151057363162687,0.516895156073054,0.292780944650956,0.0392463275276102,2.02085856928086e-05
"31",0.347762108564054,0.489211279234255,0,0.163026612201691,0
"32",0.209977579968362,0.332097572658174,0.109819840457419,0.000763376129193106,0.347341630786851
"33",0.18947355696866,0.599542744786573,0.00111529098063687,0,0.209868407264131
"34",0.000934849528695572,0.486241519257735,0,0.512823631213569,0
"35",0.0681832275355689,0.525747232633323,0,0.406069539831108,0
"36",0.409056121122355,0.152230861797562,0.0350650713814709,0.403647945698613,0
"37",0.21527935386318,0.645266239369183,0.021267352851735,0.00279991393268597,0.115387139983216
"38",0.365894792266425,0.363963656688907,0.0139981418364064,0.256143409208262,0
"39",0.0465254692536826,0.455285058420056,0.151604884343064,0.343377119556141,0.00320746842705676
"40",0.421458412456516,0.421458412456516,0,0.157083175086968,0
"41",0.346648073005448,0,0.248243251719662,0.27680500866764,0.12830366660725
"42",0.00138109760844403,0.421907219280623,0.272491466358689,0.148580428073823,0.155639788678421
"43",0.153111782322207,0.353951092956353,0.150540170131345,0.0949468777199768,0.247450076870118
"44",0.327735836794455,0.598157092348655,0,0.00295613985946017,0.0711509309974296
"45",0.105602136375712,0.0348946873657663,0.2176310499224,0.16796510262799,0.473907023708132
"46",0.488961390050595,0.335321850020042,0.0341389255886596,0.106269586920778,0.035308247419925
"47",0.185897688567231,0.407051155716384,0.407051155716384,0,0
"48",0.479485583697408,0.459006360080658,0.0601853439714449,0.000668268945201071,0.000654443305287791
"49",0.235331730628004,0.437198498552124,0,0.0693532075797004,0.258116563240171
"50",0.230686128384024,0.558207738323427,0.179397363468514,0,0.0317087698240358
"51",0,0.55724551190141,0.0739874833199624,0.368767004778628,0
"52",0.141966584867807,0.0429399344857053,0.215717331281709,0.158203249112989,0.441172900251791
"53",0.452816592308214,0.486396895318243,0.0161933463073762,0.0445931660661668,0
"54",0.000603914521381808,0.383367507027442,0.389618133984208,0.0700182475952125,0.156392196871756
"55",0.2029414685524,0.555228312355931,0.00509031911029406,0.236596881080825,0.000143018900549984
"56",0.14033995602968,0.108495843938152,0.229046228646222,0.0808441537132187,0.441273817672727
"57",0.361866238928201,0.510146837984542,0.116609560402194,0.0113773626850633,0
"58",0.00273787877546189,0.241159041365779,0.148495923940652,0.210429649914714,0.397177506003393
"59",0.167536819164712,0.496290099781032,0,0.336173081054256,0
"60",0,0.492637534938878,0,0.492637534938878,0.0147249301222431
"61",0.137719571186724,0.116664958141166,0.144447820244376,0.171868149550534,0.4292995008772
"62",0.352864244283988,0.346364575229025,0.300771180486987,0,0
"63",0.335139853682212,0.367987360137972,0,0.296872786179815,0
"64",0.0317900563571292,0.555899290277724,0.260260559387127,0.152050093978019,0
"65",0.294041880183391,0.295542057678114,0,0.410416062138495,0
"66",0.220768780673662,0.408956070392085,0,0.351213913033459,0.0190612359007939
"67",0.109723519533332,0.123841386578279,0.203705853802367,0.110675451562029,0.452053788523994
"68",0.187553334943617,0.544688954236497,0,0.267757710819886,0
"69",0.251769348816248,0.0593101614767996,0.001452247374163,0.476991839093746,0.210476403239043
"70",0.0944756251837131,0.482578277767568,0.0536979131820784,0.361544935786832,0.0077032480798091
"71",0.10124548431999,0.341019913995051,0.157323395103595,0.00365427118949847,0.396756935391866
"72",0.44712285269341,0.44712285269341,0,0,0.10575429461318
"73",0,0.410553468413705,0.0655532035242866,0.410654191505466,0.113239136556542
"74",0,0.797153061553274,0.042934691021558,0.159912247425168,0
"75",0.292392150624675,0.403605913124309,0,0,0.304001936251015
"76",0.467603823974681,0.144290437959152,0.0364643694567815,0.351641368609386,0
"77",0,0.494914947420079,0,0.505085052579921,0
"78",0.351330082380652,0.408508878347792,0.000152281249996055,0.192173501293292,0.0478352567282683
"79",0.031438331753262,0.48847203258412,0,0.480018428736459,7.12069261591601e-05
"80",0,0.594537129434032,0,0.341868869649404,0.0635940009165633
"81",0.394069183599053,0.394069183599053,0.211861632801895,0,0
"82",0,0.333998750826428,0.333998750826428,0.332002498347144,0
"83",0.184172514949414,0.130244148036173,0.164682573628191,0.0655926398386651,0.455308123547557
"84",0.305124805491768,0.576956633456896,0.114674401064588,0.00163442486213934,0.00160973512460865
"85",0.132085200040893,0.0401783678500881,0.226873769785377,0.131924434433701,0.468938227889941
"86",0.0962955149953615,0.498649988293551,0.0218790461698483,0.143897050530753,0.239278400010487
"87",0.333333333333333,0.333333333333333,0.333333333333333,0,0
"88",0.0436671582208184,0.433953148723324,0,0.422705917456147,0.0996737755997102
"89",0.0307184188090484,0.701436998884054,0.174782444794836,0.0781147705787905,0.0149473669332717
"90",0.237241685204254,0.544137758613844,0.16938391888646,0,0.0492366372954426
"91",0.333382062844456,0,0.333235874311088,0.333382062844456,0
"92",0,0.506634771168096,0.00132892470434712,0.490908492256284,0.00112781187127298
"93",0.280884072977443,0.43108952267617,0,0.0912612380291686,0.196765166317218
"94",0.0904836914408975,0.0616143281734171,0.134211566723323,0.308690200409026,0.405000213253336
"95",0,0.355603894753578,0.26346944797365,0.355603894753578,0.0253227625191928
"96",0,0.488156502900403,0,0.488156502900403,0.0236869941991948
"97",0,0.5,0,0.5,0
"98",0.00102005945758256,0.499489970271209,0,0.499489970271209,0
"99",0,0.369540109977746,0.211181174101094,0.13312506097041,0.28615365495075
"100",0.109308407654564,0.199635978353228,0.293882027541079,0.00469685129923653,0.392476735151893
"101",0.158456961677922,0.119261200448863,0.370583289513795,0.35169854835942,0
"102",0.5,0.5,0,0,0
"103",0.0690370502642842,0.457689709263153,0,0.471264129835619,0.00200911063694378
"104",0.158016148432022,0.334101992796181,0.0236993175256721,0.380541662481269,0.103640878764856
"105",0.418107923459642,0.106543681994187,0.199016436370952,0.276331958175219,0
"106",0.244902161795219,0.403198388870309,0.149956406735519,0.201943042598952,0
"107",0.00318511709658509,0.358967489334841,0.13164978852977,0.429707379894816,0.0764902251439884
"108",0.359007032928277,0.445761228295069,0.0682143377798363,0.122044127689883,0.00497327330693486
"109",0.164141462821204,0,0.417018189514855,0.418840347663942,0
"110",0.234630528028477,0.458317149105429,0,0.307052322866094,0
"111",0.395857186971188,0.0658447406523846,0.0531872110115671,0.484671595187954,0.000439266176905865
"112",0.133224028080486,0.410294225269702,0.159645448108245,0.00668062176983371,0.290155676771733
"113",0,0.269468930483055,0.130034430493075,0.433281249850646,0.167215389173224
"114",0.000286741098545231,0.295171063408148,0.0324448101436943,0.478869207995951,0.193228177353661
"115",0.127448218991462,0.0697294986737428,0.228002378996309,0.112719870121083,0.462100033217403
"116",0.127929495174088,0.117931751480204,0.156555438235432,0.177770530444453,0.419812784665823
"117",0.392932953905534,0.400284025330087,0,0.204447702142682,0.00233531862169665
"118",0.000552711170106788,0.444996592235437,0.110641315301581,0.443809381292876,0
"119",0.0139615071102601,0.571452721713232,0.315319628923833,0,0.0992661422526752
"120",0.31728808824497,0.327764884242566,0.269397083788232,0,0.0855499437242325
"121",0.337757166286335,0.337757166286335,0.324485667427331,0,0
"122",0.00374376214464796,0.603519885475312,0,0.352448460596581,0.0402878917834589
"123",0.279895068986094,0.360052465506953,0.360052465506953,0,0
"124",0.0573842862364481,0,0.220023351989902,0.473034782529358,0.249557579244292
"125",0.0180967153065864,0.382185145834259,0.158088082241351,0.149432404785759,0.292197651832044
"126",0.46869773662405,0.305001647637218,0,0.225672338203229,0.00062827753550294
"127",0.114036895398225,0.412091896372269,0.44834504637218,0.0255261618573264,0
"128",0.276996427819756,0.348053742046895,0.0490832331929908,0.323263956087619,0.00260264085273945
"129",0.0587877439688356,0.475077251356764,0,0,0.466135004674401
"130",0.138060715836472,0.0424426822159336,0.237318689748288,0.108976645996104,0.473201266203204
"131",0.00514806239542931,0.395492320599508,0.172224847617631,0.247086289475597,0.180048479911835
"132",0,0.5,0,0.5,0
"133",0.0505441734504899,0.549126723468206,0.399372029496796,0.0009493469377041,7.72664680410278e-06
"134",0.496429525098223,0.50300409414771,0,0,0.00056638075406706
"135",0.298920973365929,0.442756497828993,0.110228063580694,0,0.148094465224384
"136",0.133104125485714,0.419009234609761,0.00563736322780833,0.425517394216869,0.0167318824598473
"137",0.42736326199148,0.551515656655249,0.021121081353271,0,0
"138",0.157145974851394,0.072832560832248,0.24812314256566,0.093348036254335,0.428550285496363
"139",0.0929015414917722,0.433222014871714,0,0.245490675141856,0.228385768494658
"140",0.269278584437221,0.516445084984684,0.00721415900020817,0.128624281941146,0.078437889636741
"141",0.336038080216864,0.485784832159404,0.0641321658342274,0,0.114044921789505
"142",0.101752020931421,0.321894214597141,0.0878782287729823,0.251756605914316,0.23671892978414
"143",0.288150033108239,0.359482584185781,0.000720862593028077,0.351646520112952,0
"144",0.4756253252827,0.411894480237827,0,0.110361586127468,0.0021186083520059
"145",0.00198595106359291,0.644837925292084,0,0.000506182668985832,0.352669940975338
"146",0,0.405961992271122,0.224624317697969,0.365890535620663,0.00352315441024676
"147",0.350702896005431,0.0423124925709945,0.00631804420714937,0.307573500981693,0.293093066234732
"148",0,0.442551368898867,0,0.433525632508212,0.123922998592921
"149",0.148097474870668,0.734408254104676,0,0,0.117494271024656
"150",0.213867184155508,0.179283646074047,0.0995759102285029,0.198508288798279,0.308764970743663
"151",0.0414941335888026,0.573258615757026,0.257222860272929,0,0.128024390381243
"152",0,0.348432845035235,0.171987197214725,0.381665326161406,0.0979146315886345
"153",0,0.526739600946194,0.473260399053806,0,0
"154",0.140345882129071,0.313572135122655,0,0.546081982748274,0
"155",0.0344136838974654,0.595498358188057,0.345116181983812,0.00117168842290144,0.023800087507764
"156",0.222747011946607,0.0911742207579252,0.122847514662577,0.154471704046972,0.408759548585919
"157",0.0526171224286912,0.521346109695045,0.00023341525845626,0,0.425803352617807
"158",0,0.356215844116057,0.000276604146434391,0.29049784931234,0.353009702425168
"159",0.374104990905561,0.34994718533605,0.182628047299793,0.0596448193135579,0.0336749571450383
"160",0.210923666017781,0.255766767013586,0.201833517289653,0.00418274055736818,0.327293309121611
"161",0.328290114629305,0.336619530413823,0.335090354956872,0,0
"162",0.00432830327820814,0.49117789829625,0.345245367068222,0.0724695408745017,0.0867788904828175
"163",0.342383187812945,0,0.342383187812945,0.315233624374111,0
"164",0.393329736619383,0.39478011971069,0,0.158223349583256,0.0536667940866712
"165",0.391532422964922,0.349093210403266,0,0.259374366631812,0
"166",0.281107116740605,0.649349510028077,0,0.000696381180659873,0.0688469920506585
"167",0.139457124153282,0.0291547392163716,0.226452345057815,0.135326609969117,0.469609181603415
"168",0.00581326167480442,0.481262374990387,0.0317174210179215,0,0.481206942316887
"169",0.425982904628666,0.552007180759184,0,0.00102684660814969,0.0209830680040007
"170",0,0.406471886381534,0,0.406471886381534,0.187056227236933
"171",0.00239913926549674,0.368068170357186,0.258001417754868,0.119716781374289,0.25181449124816
"172",0.131405935173547,0.0455458445425555,0.228759067769902,0.12810244498886,0.466186707525136
"173",0.113769684282485,0.566461424299139,0.111593126229013,0.0736351813587778,0.134540583830585
"174",0.170414362426716,0.653459660830055,0,0,0.176125976743229
"175",0.370284078636152,0.14750221420064,0,0.482213707163208,0
"176",0,0.982260049272848,0,0.0177399507271518,0
"177",0.0409704979356615,0.71760938827063,0,0.0729549591073612,0.168465154686348
"178",0.415561867627498,0.415561867627498,0.0959490656559643,0,0.0729271990890391
"179",0.353152021786716,0.551581385469201,0.000264003522695273,0.00028400856337383,0.0947185806580138
"180",0,0.330208334450845,0.329573915798122,0.0100094153001889,0.330208334450845
"181",0.116026147964796,0.00177168332990457,0.000828237491372358,0.549333826773915,0.332040104440012
"182",0,0.393401772779862,0.283445164153607,0.000817854884075915,0.322335208182455
"183",0.284164207513072,0.292109691489919,0.00546982964013827,0.392244710331996,0.0260115610248748
"184",0.0119850193287898,0.46524590396592,0,0.52276907670529,0
"185",0.0980014281344972,0.599546703889418,0.257064232856287,0.00336007626741433,0.0420275588523839
"186",0,0.5,0,0.5,0
"187",0.0512621798927255,0.290878806038446,0.367490681982532,0.2792559706252,0.0111123614610963
"188",0.201150802909186,0.325740141434744,0.143386172964477,0.110048858506763,0.21967402418483
"189",0.152634376678575,0.0331210210788094,0.249135435939453,0.136043244094504,0.429065922208659
"190",0.340422679330745,0.456094732149238,0.156438861160855,0.00106060231452198,0.0459831250446403
"191",0.220465991133363,0.448508515765323,2.5792537334728e-05,0.33099970056398,0
"192",0.354121961119282,0.119181542390902,0.074912127637406,0.45178436885241,0
"193",0.402254445933084,0.509951376675883,0.0619421389144957,0.0258520384765377,0
"194",0.415157050956806,0.356836111708067,0.113676504921153,0.0845685759526133,0.0297617564613609
"195",0.356245138162102,0.112313445992824,0.00235349767315921,0.39765412461238,0.131433793559535
"196",0.171463087703861,0.0987802401632827,0.138143072508332,0.314114629864154,0.277498969760371
"197",0.355756304305696,0.406953396561012,0.143949704862429,0,0.0933405942708637
"198",0.0313175512039056,0.520277258943843,0,0.414353771270856,0.034051418581395
"199",0.258549945304771,0.488153078479872,0.197351426339771,0,0.0559455498755859
"200",0.247077185864824,0.219125184972819,0.093542401152258,0.43547006516463,0.00478516284546818
"201",0.147197867894789,0.049908687599489,0.204671288241065,0.18592696553247,0.412295190732187
"202",0.372621799915146,0.497303786091248,0.127056087085062,0,0.00301832690854417
"203",0.165792556010039,0.212673622474031,0.191350554499461,0.0145984051181093,0.415584861898359
"204",0.115050271138069,0.0611838124482239,0.23151555234232,0.125766848454301,0.466483515617086
"205",0,0.499218553393309,0.28901269785119,0.105743871459183,0.106024877296319
"206",0.00744538466331537,0.654994044315589,0.0507254002372255,0.00320405546458871,0.283631115319281
"207",0.0896401912319122,0.467461245791346,0.0416717488466232,0.401226814130119,0
"208",0.0251697084806024,0.45001128365993,0.0951583049798155,0.429583580410944,7.71224687082548e-05
"209",0.31429034156824,0.0902362329762793,0.135267047849496,0.460206377605985,0
"210",0.133412965193931,0.466152800918897,0.00798322057333673,0.392451013313835,0
"211",0.101522095330877,0.266543131179895,8.95359573506625e-05,0.479382629743089,0.152462607788788
"212",0.372268871460651,0.256634140196479,0,0.371096988342869,0
"213",0.207880520949053,0.138828748752635,0.326589380863728,0.326701349434584,0
"214",0.00719310869467199,0.839104381545618,0.0632828134262207,0.0413449676351958,0.0490747286982935
"215",0.102076476563705,0.317050295835877,0.161753143604729,0.0770103490516669,0.342109734944022
"216",0.339412955486786,0.634452652303765,0.0261343922094487,0,0
"217",0,0.354009813212102,0.332210237138874,0,0.313779949649025
"218",0.367842608534701,0.505221169573524,0,0.126936221891775,0
"219",0.137649574137485,0.0639694056155899,0.20335932417433,0.138021273967589,0.457000422105006
"220",0.219023675070564,0.0627015149510171,0.221138286146606,0.254254216452908,0.242882307378906
"221",0.229805696027286,0.207667837408086,0.144253765011174,0.0207788102759644,0.397493891277491
"222",0.0606852770543986,0.469264965284116,0,0.469843837269457,0.000205920392027851
"223",0.171619990963765,0.360093710162734,0.187127745353478,0,0.281158553520023
"224",0.224635308602074,0.38712389691078,0,0.388240794487146,0
"225",0.376847677818248,0,0.243252519613358,0.377900561152583,0.0019992414158104
"226",0.134404803616154,0.484377885426269,0.221474141355381,0,0.159743169602196
"227",0.167227766976309,0.0683448120523078,0.171301415262977,0.185917147153971,0.407208858554435
"228",0.341056438196806,0.53115735213207,0.105264284784316,0.00222467855277287,0.0202972463340358
"229",0.0231747539005424,0.479039718961814,0.0143847638528134,0.483400763284831,0
"230",0.389603883118593,0.389603883118593,0.0258086453933572,0,0.194983588369458
"231",0,0.389315312751469,0.232213408341592,0,0.378471278906939
"232",0,0.433125941516624,0,0.432323107710646,0.13455095077273
"233",0.00473654540278779,0.698772729151794,0.0482972665166461,0.000377128113287966,0.247816330815485
"234",0.428407154175656,0.0215001444845683,0.0649633698729045,0.43785339554833,0.0472759359185418
"235",0,0.520844717211771,0.358625072296806,0,0.120530210491423
"236",0.148583806313732,0.160280416906731,0.188504758333479,0.126527868794432,0.376103149651626
"237",0,0.5,0.5,0,0
"238",0.174818062204907,0.42109661432232,0.296791611808609,0,0.107293711664165
"239",0,0.472660820875021,0.0546783582499581,0.472660820875021,0
"240",0.333161907735033,0.333161907735033,0.333161907735033,0,0.000514276794902044
"241",0.212210772436954,0.417820229713636,0.0785408555565875,0.291428142292822,0
"242",0.022033688708966,0.632255871006782,0.0986359031101054,0.112810957637409,0.134263579536738
"243",0.424077914856292,0.434986609984255,0.120580750795726,0.0203547243637271,0
"244",0.421954466249999,0.35858442601871,0.044944116690094,0.174516991041197,0
"245",0.303314860316182,0.451684742307062,0.0781359111020558,0.1668644862747,0
"246",0.5,0,0,0.5,0
"247",0.359769272485545,0.248753162214701,0.000632417359627097,0.385116915451038,0.0057282324890889
"248",0.315663305529401,0.264764803097822,0.0876293921589236,0.00943282822975161,0.322509670984102
"249",0.0148991852728507,0.109192582946989,0.282789799263901,0.235048159947545,0.358070272568715
"250",0,0.495223896303626,0.481923280725371,0,0.0228528229710034
"251",0.439448057233337,0.17447871254803,0.0231803796263625,0.356038150401263,0.00685470019100751
"252",0.179896033496949,0.400813346301881,0,0.400101406593222,0.0191892136079486
"253",0,0.434319883560957,0.131360232878086,0.434319883560957,0
"254",0,0.250823788184065,0.328903840615331,0.420272371200605,0
"255",0.319841444213774,0.45016657939204,0.226703288052076,0.00267502101923175,0.000613667322877972
"256",0.408211006794787,0.519232857476844,0,0.0725561357283691,0
"257",0.377657880524812,0.377657880524812,0.158783474155064,0,0.0859007647953129
"258",0.399803713939513,0.596526814190824,0,0.00339516187243383,0.000274309997229254
"259",0.419498965155074,0.419498965155074,0.161002069689853,0,0
"260",0.17733471535207,0.429733487991056,0.0924190626331495,0.291477882537408,0.00903485148631593
"261",0.0460289429925629,0.452840768169816,0.113389536072939,0.340714873894192,0.0470258788704907
"262",0.216112778227171,0.420744098673586,0.0959648986789368,0,0.267178224420306
"263",0.115710933988716,0.366506981444684,0.23849160896618,0.279290475600419,0
"264",0.013889708688454,0.496129228767776,0.000260513315675742,0.428479066585875,0.0612414826422185
"265",0.444316152652587,0,0.111367694694825,0.444316152652587,0
"266",0.0197304544654021,0.490134772767299,0,0,0.490134772767299
"267",0,0.430090371444171,0.403554491745338,0.16635513681049,0
"268",0.190328585991396,0.267485430533153,0.154112067671422,0.00710756848735267,0.380966347316677
"269",0,0.423011198300153,0.153977603399695,0.423011198300153,0
"270",0.0875524155668016,0.465225563955444,0.0494768436143858,0.195790720939034,0.201954455924334
"271",0.0281692357352917,0.388847077360537,0.00529937776832467,0.298417805976881,0.279266503158966
"272",0.0981664434301321,0.23348651816698,0.117836990113495,0.252669510325899,0.297840537963494
"273",0.599927348253742,0,0,0.400072651746258,0
"274",0.44731927173468,0.127569735366183,0,0.425110992899137,0
"275",0.358557239613223,0.416717149832897,0.22472561055388,0,0
"276",0,0.442239068873161,0.115949013649885,0.441811917476954,0
"277",0.333536698032292,0.348184318357534,0,0.318278983610174,0
"278",0.30390135826776,0.539418656536949,0.00667044638116374,0.119199538250633,0.0308100005634947
"279",0,0.720056438451543,0.279717083863693,0,0.000226477684763953
"280",0.187521837556335,0.120696085915434,0.229192178630365,0.0255793855526721,0.437010512345194
"281",0.12016909120412,0.0345979865027582,0.230361029801809,0.143938303661278,0.470933588830035
"282",0.170598894562061,0.214275006159683,0.133686292449163,0.119729145589531,0.361710661239562
"283",0.0120412388006517,0.384982401514172,0.157834663918255,0.434418474207782,0.0107232215591396
"284",0.194020042339581,0.513104423266746,0.283205624562194,0,0.0096699098314789
"285",0.000105041787781282,0.472419935655929,0,0.478647414159932,0.0488276083963583
"286",0.273403211872115,0.726596788127885,0,0,0
"287",0.13723859336182,0.59426464919598,0.268496757442199,0,0
"288",0.104849848580553,0.565036068390281,0,0.230269388017793,0.099844695011373
"289",0.00894465465572319,0.305327156479012,0.239748351662718,0.0714608574846047,0.374518979717942
"290",0.173056792808143,0.511946023902711,0.113234353973903,0,0.201762829315243
"291",0.133646930084774,0.0603181477563294,0.201437425753068,0.135447784382869,0.46914971202296
"292",0.384635292254169,0.612711321236724,0,0,0.00265338650910669
"293",0.184015128150334,0.513224140285334,0.245955244874549,0,0.0568054866897836
"294",0,0.739394854372897,0,0,0.260605145627103
"295",0.31446878446629,0.431519950639401,0.225727051732566,0.027757087669554,0.000527125492189391
"296",0.401157421903816,0.0564241049787015,0,0.542418473117482,0
"297",0.258785935067231,0.370607032466385,0,0.370607032466385,0
"298",0.158110085012073,0,0,0.841889914987927,0
"299",0.033983617398433,0.414706029677695,0.206144909360218,0,0.345165443563654
"300",0.5,0,0,0.5,0
"301",0.0632526661416022,0.406062115755915,0.189785539980647,0.0296740167990162,0.311225661322819
"302",0.195960298744007,0.325680142850929,0.281086619182062,0,0.197272939223001
"303",0.0401111460387916,0.326813175182233,0.298368019163822,0.334707659615153,0
"304",0.444442748482285,0.555557251517715,0,0,0
"305",0,0.615007210531073,0,0.0327551201152045,0.352237669353722
"306",0.0764192725460316,0.0876641766665962,0.171777369172624,0.225842669336191,0.438296512278557
"307",0.360513449139212,0.141930622956016,0.160119419583063,0,0.337436508321709
"308",0.33896532204563,0.339566757634498,0,0.258336713277906,0.0631312070419657
"309",0,0.575515753633866,0.251055014667351,0,0.173429231698783
"310",0,0.293068691419507,0,0.524382841985465,0.182548466595028
"311",0.353301254661831,0.380230593344977,0,0.215640695365057,0.0508274566281357
"312",0,0.492280663340389,0.0146738003744024,0.492280663340389,0.000764872944819643
"313",0.16697871038381,0.138892002008744,0.176460155410319,0.0629924365063056,0.454676695690822
"314",0.210601022855898,0,0.174577176749958,0.614821800394144,0
"315",0.220528482365362,0.679893904617239,0,0.0839925011864913,0.0155851118309075
"316",0.223235202250314,0.368585560082957,0.0387929602882174,0.337285787925369,0.0321004894531421
"317",0.122819309919791,0.0841665056038574,0.206204771754944,0.140170964240068,0.446638448481339
"318",0,0.5,0,0.5,0
"319",0,0.597326079850461,0,0,0.402673920149539
"320",0.301947138604751,0.0956103511251582,0.0318344171693315,0.178520977640937,0.392087115459823
"321",0,0.262397778706528,0.00406359832783296,0.367970957504795,0.365567665460844
"322",0.331891921327565,0.288270619352654,0.0821082731404074,0.250366405744576,0.0473627804347971
"323",0,0.5,0,0.5,0
"324",0,0.486043266402259,0.485038436673059,0.0289182969246822,0
"325",0.00986366591192796,0.416983418492819,0.343665848579922,0.208176337533962,0.0213107294813692
"326",0.0356924470238901,0.482073403454396,0.00055960866436222,0.474099892224605,0.00757464863274643
"327",0,0.442016684413174,0.115966631173652,0.442016684413174,0
"328",0.185941700503336,0.33351333868281,0.0425895613723146,0.437955399441539,0
"329",0.240231878708321,0.0600115047303602,0.169426248936476,0.0966591083699304,0.433671259254912
"330",0.789159902291438,0.0249090629812042,0.17269409510283,0.0132369396245276,0
"331",0,0.380461421851865,0,0.380495567719445,0.23904301042869
"332",0.0640964116626964,0.420547178410955,0.263678750470686,0,0.251677659455662
"333",0.498125056271729,0.498036971627058,0.000918374018793412,0,0.0029195980824199
"334",0.494118938825892,0.494118938825892,0,0,0.0117621223482167
"335",0.102832385191387,0.226696487771616,0.117922371129939,0.224751851743505,0.327796904163554
"336",0.419544373867953,0.00075557707986436,0.00548273060525494,0.559357264533448,0.0148600539134793
"337",0.14351138227516,0.495969684921526,0.00666303800628734,0.292938652906346,0.0609172418906812
"338",0,0.602926363947593,0.0806850538332779,0.0168437500091899,0.299544832209939
"339",0.146881766568764,0.136280379406406,0.151286941547288,0.285659905277341,0.279891007200202
"340",0.282170014760533,0.0195057888575216,0.0200250848786347,0.627427910889747,0.0508712006135641
"341",0.232752740408517,0.375850901241272,0,0.391396358350211,0
"342",0,0.337465044446999,0.33410245364908,0.32843250190392,0
"343",0.427371396949909,0.427371396949909,0.0247178804682585,0,0.120539325631923
"344",0.00566800884286858,0.308867857574349,0.185734450830244,0.0927577039031663,0.406971978849371
"345",0.255808202567989,0.420932793379993,0.0283231166091574,0.251899774766008,0.0430361126768527
"346",0.00185162118457359,0.310459755744549,0.0082376549987275,0.424383658094684,0.255067309977466
"347",0.0342117584499198,0.46270977966685,0.183012905312922,0.265443431572743,0.0546221249975648
"348",0.0868225952230615,0.484877167621276,0.324832492237639,0.103467744918024,0
"349",0.000872444339331296,0.499563777830334,0,0.499563777830334,0
"350",0,0.418398025907313,0.092135811817935,0.398053806464659,0.0914123558100932
"351",0.333333333333333,0.333333333333333,0,0.333333333333333,0
"352",0,0.425720418160074,0.0569187046641696,0.41935138366915,0.0980094935066062
"353",0.122948014756881,0.440807642465429,0,0.43624434277769,0
"354",0.382616748092582,0.380509255732148,0.218162744773423,0.0187112514018474,0
"355",0.256069896071761,0,0.224100832751562,0.519829271176677,0
"356",0,0.192883109457764,0.408988481600036,0.388633614375087,0.00949479456711239
"357",0.329885808146877,0.521023017133296,0.00453692345049763,0.144554251269329,0
"358",0.473607434981353,0.0128235405251697,0.463867010858667,0.0497020136348102,0
"359",0.360280572354163,0.231346274519618,0.194089277027333,0.109344161932656,0.10493971416623
"360",0,0.5,0,0.5,0
"361",0.400808053974381,0.0831590818846265,0.115364888951838,0.400667975189154,0
"362",0.447618393847493,0.447618393847493,0.104763212305013,0,0
"363",0.318226603294533,0.339137886609716,0,0.340873837615631,0.00176167248011943
"364",0.363161762659963,0.47087166159334,0.0421317557488355,0.0710415310127373,0.0527932889851249
"365",0.21373668868136,0.209471664707063,0.136816636357157,0.0271700762200009,0.412804934034419
"366",0.161150599783683,0.220748330130626,0.160651609025766,0.243803535923662,0.213645925136263
"367",0.385888218102716,0.385950928979558,0.228160852917726,0,0
"368",0.0780961931435171,0.427468278955589,0.00210177339370863,0.491031378966472,0.00130237554071384
"369",0.287018906300048,0.25409594629491,0.00165360617274284,0.457231541232299,0
"370",0.213542600743061,0.0298241101002214,0.198160213704398,0.209179039697069,0.349294035755251
"371",0.182405496368078,0.120229335927716,0.241291921264076,0.178645786380112,0.277427460060018
"372",0.314296778091066,0,0.323377733109636,0.362325488799298,0
"373",0.360623418071045,0.326990280090934,0.194685040218942,4.84041983991534e-05,0.11765285742068
"374",0.309520042739117,0.494355767960995,0.137633854759529,0.0584903345403588,0
"375",0.358516287778683,0.0707351097039881,0.223981307879964,0.346767294637365,0
"376",0.134529830469587,0.605197325928705,0,0.00795733889691226,0.252315504704795
"377",0.0125911157384241,0.0686720319870549,0.0772210378315804,0.58684409388102,0.254671720561921
"378",0.0950881077941719,0.316547082778772,0.227025420211186,0.0602706308762929,0.301068758339577
"379",0.317343391233379,0.516951354212104,0,0.165705254554517,0
"380",0.0258188840220832,0.464725394306605,0.120607802938154,0.137477787037886,0.251370131695272
"381",0.0722143641629521,0.554510920475443,0.325179721542678,0.0135859435523872,0.0345090502665394
"382",0.453284260258748,0.453284260258748,0.0934314794825039,0,0
"383",0,0.650312043231288,0,0.163284379592797,0.186403577175916
"384",0,0.5,0,0.5,0
"385",0.272452307423475,0.204503722047161,0.308958449026365,0,0.214085521503
"386",0.466200299523008,0.528238826465229,0.00148059808333334,0,0.00408027592843025
"387",0.136411156519699,0.300310214729933,0,0.282519369534968,0.2807592592154
"388",0,0.37903340070048,0.294386569957976,0.326580029341545,0
"389",0.416187492703108,0.219487759240506,0.000975635122874037,0.36315630370728,0.000192809226231292
"390",0.205420466367893,0.0816577056448172,0.129471871667746,0.47760627830979,0.105843678009754
"391",0.000114132919754287,0.869800761609686,0.000334647425553759,0.128183346207081,0.00156711183792426
"392",0.32900325718281,0.397682383484083,0.00536615564414077,0.180939692880959,0.0870085108080071
"393",0.061061617325282,0.443570935990109,0.00723248749892282,0.487034683974249,0.00110027521143665
"394",0.0871176982600582,0.0795113807513762,0.260188601403266,0.107265473221302,0.465916846363998
"395",0.462530271820185,0.389382099920082,0.0712438982869291,0.0746717057244628,0.00217202424834154
"396",0.443836741450538,0.0875729172130786,0.0236554440551276,0.428078302442194,0.0168565948390617
"397",0.133791857637551,0.738634947196755,0.125677913202959,0.00189528196273553,0
"398",0,0.981367659315893,0,0.0186323406841069,0
"399",0.227177030627184,0.287098210318244,0.0648326323199966,0.378277303886186,0.0426148228483895
"400",0.451829424925866,0.173745203942838,0.0133543745550056,0.178959937398505,0.182111059177786
"401",0,0.454224181138513,0.0925936971368439,0.453099375944676,8.27457799662594e-05
"402",0.21544691900934,0.110746037627481,0.199279668109824,0.0828386535576667,0.391688721695689
"403",0,0.379735780809858,0,0.240528438380284,0.379735780809858
"404",0.5,0.5,0,0,0
"405",0,0.64934768631534,0,0.35065231368466,0
"406",0.393002665155085,0.02311895821083,0.183659330483585,0.4002190461505,0
"407",0.463625397181201,0.00275040629481956,0,0.533624196523979,0
"408",0.109696504268946,0.633876349052415,0.0440029014872479,0.0174011185687115,0.19502312662268
"409",0.00445264195307881,0.638089072173229,0.207467390130672,0.0882529130138279,0.0617379827291926
"410",0.106762350867029,0.8634266479519,0.025084108222571,0.00397692993785463,0.000749963020645199
"411",0.142025980088207,0.300645268263363,0.261810570346539,0.000815187978935057,0.294702993322956
"412",0.5,0.5,0,0,0
"413",0.325432178827934,0.33398894359836,0,0.340578877573705,0
"414",0.385859835643177,0,0.228280328713646,0.385859835643177,0
"415",0.0798817125858331,0.433325956236515,0.388746806586379,0,0.0980455245912726
"416",0.380045995241411,0.286165692775618,0.0748545128269418,0.234315216124578,0.0246185830314508
"417",0.420374299916922,0.419037236379338,0.00343919110975669,0.157149272593984,0
"418",0.325801542818568,0.435099566382541,0.0778103671447282,0.116398483939034,0.0448900397151292
"419",0.0598930694564418,0.225254589671676,0.181249430840898,0.363045724552978,0.170557185478005
"420",0.127849171987534,0.413851741262684,0.171898035578656,0,0.286401051171126
"421",0.000288643964689285,0.50441564083276,0,0.313812616151861,0.18148309905069
"422",0.259658199912395,0.381227393495503,0,0,0.359114406592102
"423",0.386842472788013,0.392128624539439,0,0.170647539364414,0.0503813633081338
"424",0.487850013930637,0.0221799725753145,0.000886779503401236,0.489083233990647,0
"425",0,0.391442073070739,0.279613221325941,0,0.32894470560332
"426",0.372696243924413,0.118439055736795,0.0843507344638949,0.424513965874898,0
"427",0.193040862850388,0.155502529467723,0.183526692717732,0.110697320720078,0.35723259424408
"428",0.0286897812701143,0.410780487078527,0.0513665268705735,0.499749051145918,0.00941415363486742
"429",0.380503758735844,0.24011535148394,0.000900206875278252,0.378480682904938,0
"430",0.137425345093584,0.375291771586231,0.303450374359889,0,0.183832508960296
"431",0.12723059720572,0.685779144999186,0.1866735563332,0,0.00031670146189391
"432",0.258417549504822,0.144072498249811,0.115006096596454,0.130334338809543,0.352169516839371
"433",0.354496350419271,0.366870394078162,0.278633255502566,0,0
"434",0.135761355578334,0.432914788103978,0.00900751279029691,0.413824440348776,0.00849190317861501
"435",0,0.510568990491969,0.489431009508031,0,0
"436",0.10604145971744,0.536210408514029,0.344245798452346,0,0.0135023333161854
"437",0.0774346511567128,0.15343171212059,0.128262509131588,0.211594703431923,0.429276424159186
"438",0.432870850349338,0,0.11732504845334,0.448083007450903,0.00172109374641926
"439",0,0.418731847116014,0.313661128566596,0.26760702431739,0
"440",0.128088291705174,0.0550534920362639,0.23143275707481,0.120794491496174,0.464630967687579
"441",0.31135488721765,0.389698906955776,0.0720397273768113,0.163366915379223,0.0635395630705392
"442",0,0.378165159260781,0.269979660982616,0.0767178084611282,0.275137371295474
"443",0,0.47550022772786,0.314972349470461,0.0666780290656843,0.142849393735994
"444",0.125587523136302,0.328413380554407,0.354629817904327,0.191369278404963,0
"445",0.14102198272846,0.0904231897586461,0.220304533148599,0.0989182379488019,0.449332056415492
"446",0.36104970219674,0.430731802498612,0.208218495304647,0,0
"447",0.341110065558178,0.428037452990224,0.037025836054447,0.193826645397151,0
"448",0.0931886988362504,0.42577578275021,0,0.42577578275021,0.055259735663329
"449",0.0851783296519294,0.477275679532139,0.0363578662623913,0.130457535959284,0.270730588594256
"450",0.0441317525633324,0.44032388328571,0.0452113810926182,0.235359286691176,0.234973696367163
"451",0.0254209124680639,0.405242927631082,0.0515172060968187,0.442028026081898,0.0757909277221378
"452",0,0.333333333333333,0,0.333333333333333,0.333333333333333
"453",0.115095361104486,0.440847482996668,0.000910356256530905,0.442174508332329,0.000972291309986679
"454",0.149950670260887,0.328837966287427,0.0286174664478521,0.492593897003834,0
"455",0.22147588632057,0.538821712012846,0.070834533022255,0,0.168867868644329
"456",0.5,0,0.5,0,0
"457",0,0.387033856150373,0.225932287699253,0.387033856150373,0
"458",0.179687352933205,0,0.206199455321734,0.452514435439698,0.161598756305362
"459",0.00269553929084017,0.772739429946598,0.0160791616350941,0,0.208485869127468
"460",0.12592257031326,0.234098158456794,0.185480056740331,0.0491685736722896,0.405330640817326
"461",0.203839663742032,0,0.208674796809466,0.184866695221531,0.40261884422697
"462",0.111083098504653,0.145874078253376,0.216338036463733,0.120166585144462,0.406538201633776
"463",0.553726017354036,0.117767225465828,0.0549739558309395,0,0.273532801349196
"464",0.529240495448989,0.0805433349083853,0,0.390216169642625,0
"465",0.406342342128091,0.40320405197923,0.0937152756501137,0.00158607616922881,0.0951522540733366
"466",0,0.49851218685938,0.00297562628124037,0.49851218685938,0
"467",0.226553125482589,0.368188165629332,0,0.38751767677768,0.0177410321103989
"468",0.331093450316987,0.330852420851097,0.311646926401805,0,0.0264072024301111
"469",0.0386162819176472,0.204104018231516,0.22220069658095,0.103922139089292,0.431156864180595
"470",0.26227848129568,0.458075205474126,0.220343354204388,0,0.0593029590258066
"471",0,0.5,0,0,0.5
"472",0.395748766397127,0.396932073276164,0.20093871017902,0,0.00638045014768877
"473",0.300050125671914,0.254143081416555,0.111125772659186,0.00487093710523768,0.329810083147107
"474",0.344785798641752,0.344785798641752,0.310428402716495,0,0
"475",0.308693981199031,0.0118298603165061,0.219016031964948,0.0298227793672992,0.430637347152216
"476",0.499665729241049,0.499665729241049,0.000348410191831103,0,0.000320131326070546
"477",0.496252597549539,0.500678769039549,0,0.00306863341091131,0
"478",0.111358489313854,0.0724393007716484,0.223872501639245,0.144609072663351,0.447720635611901
"479",0.493612256108408,0.493612256108408,0,0.0127754877831843,0
"480",0.00144308692033551,0.745093593296302,0.0805380640570991,0.0276846552165529,0.14524060050971
"481",0.197479786223727,0.027838889931255,0.187403004107328,0.174083544341173,0.413194775396518
"482",0.171668682867244,0.69543796574201,0,0.000111300630759457,0.132782050759986
"483",0.0278773234917288,0.254149480339874,0.181981305039124,0.21114749043885,0.324844400690423
"484",0.0935247437758869,0.423229414702971,0,0.423229414702971,0.0600164268181715
"485",0.499450092144358,0.499450092144358,0,0,0.00109981571128385
"486",0.24716344508797,0.555552444642006,0,0.197284110270024,0
"487",0,0.345801167117845,0,0.489325360391291,0.164873472490865
"488",0.209123577943933,0.0114355632629912,0.191051658753646,0.215786662015509,0.372602538023921
"489",0.0574994267327173,0.109873209047845,0.143180013233843,0.215178056377975,0.474269294607619
"490",0,0.5,0,0.5,0
"491",0.099803262735683,0.10313447326563,0.209070517281575,0.15654896875427,0.431442777962842
"492",0,0.736356505109215,0,0,0.263643494890785
"493",0.113374325997549,0.475127746998268,0.0873493678864909,0.118853675433365,0.205294883684327
"494",0.135462058266032,0.0770033413613287,0.211539847081621,0.11155329142234,0.464441461868678
"495",0.0377743910433206,0.439430462688989,0.0402747576750638,0.44017351834325,0.0423468702493771
"496",0.33130060177856,0.0331930963530077,0.301641950443575,0.333864351424857,0
"497",0.370643296694926,0.629356703305074,0,0,0
