"","V1","V2","V3","V4","V5"
"1",2.32768881924584e-17,0.570594923756547,8.3798353111315e-19,0.387591015238151,0.0418140610053012
"2",0.332915837471861,0.0121601201094994,0.25005775569337,0.404866286725269,3.67113774195708e-18
"3",0.255454455345913,0.497020825771649,0.0829650224250822,0.034575405997673,0.129984290459683
"4",0.0465186257582846,0.614644820853989,0.000171599904174381,0.338664953483552,3.79045301965597e-18
"5",0.113937768612072,0.245406534183049,0.262944442611438,6.66133814775094e-18,0.377711254593442
"6",0.646310948024805,0.347470123054723,1.89551388649623e-06,0.00621703340658545,8.97954700936216e-18
"7",9.50105920379863e-05,0.625753913928688,0.245622020120043,0.000455743830877806,0.128073311528354
"8",5.16772611527183e-18,0.498760550611264,0.131952624893584,0.365062752395038,0.00422407210011392
"9",0.00577885489841929,0.811731334196138,0.182489810905442,8.04370967593922e-17,1.0147982891967e-18
"10",0.117641131114443,0.101470064986149,0.165231320383746,0.146966415044618,0.468691068471045
"11",0.520254616448587,0.0069531243899932,0.300378698086616,2.3510667522261e-18,0.172413561074804
"12",0.0950680048903205,0.224545158954811,0.207889913515318,0.00774186918923746,0.464755053450313
"13",0.164302145773758,0.470711716212334,0.21123891714473,0.064364648476863,0.0893825723923154
"14",0.358341611723443,0.595002950218658,0.0231012278933393,0.000665905815530257,0.0228883043490301
"15",0.269023347643677,0.728971992102683,9.40290481929892e-06,0.00199525734882126,2.78513598059343e-18
"16",0.297933164361301,0.503545200339424,3.62490411778975e-18,0.190493869249119,0.00802776605015556
"17",7.82342776644095e-05,0.0530779899722231,0.0142944774088935,0.799071565357684,0.133477732983535
"18",0.210758202755264,0.547363926325893,0.233956907594948,6.81425422644612e-19,0.00792096332389448
"19",0.00338083740438364,0.418439870563407,0.000200511607665656,0.431473730162656,0.146505050261888
"20",0.209821444427867,0.41215811858222,0.152957521270762,0.0290468032506123,0.196016112468539
"21",0.000825094295169848,0.938642679078913,0.060532226625917,1.49893749055982e-17,7.01311751689521e-18
"22",0.0982578556449467,0.0129949848205901,0.152725461146865,0.240009417239548,0.49601228114805
"23",0.415942893150493,0.0442430159851582,1.91706689758046e-18,0.539814090864349,1.63037400705766e-17
"24",0.108046043568252,0.631570190771703,5.39125305525976e-18,0.260383765660045,1.65036188798564e-18
"25",0.122735876853732,0.142807790361581,0.253251978541379,0.0483814765365351,0.432822877706773
"26",8.66410594727191e-19,0.918130732268881,0.0643494504060356,0.0141180996460662,0.00340171767901687
"27",0.455480922037312,0.115640531255172,0.0445582854891537,0.213124023598922,0.171196237619441
"28",0.00118089347994829,0.335493186483513,0.128055481126136,0.26896287954114,0.266307559369263
"29",0.108795297746111,0.354123208538233,0.165473603190334,0.0405599038002759,0.331047986725046
"30",0.113374788210173,0.648991749431187,0.222262729262072,0.015355382033702,1.53510628659108e-05
"31",0.263040506533232,0.626403559277102,1.73472347597681e-19,0.110555934189666,2.5391045844581e-18
"32",0.117146925948144,0.223226888089925,0.172852524371468,0.000674721326866879,0.486098940263596
"33",0.107084958542691,0.662697742042173,0.00508939332991811,2.16822813423364e-18,0.225127906085218
"34",2.02472042755225e-18,0.686609503108641,1.07669630796748e-17,0.239244807382568,0.074145689508791
"35",0.0775441835163064,0.134152310639428,3.33882708207167e-18,0.786883144641288,0.00142036120297777
"36",0.54781670265919,0.0857016476737138,0.0304555319235246,0.336026117743572,4.30580027548071e-19
"37",0.0933820824859839,0.81989302830954,0.00303890236137472,0.00114722525341736,0.0825387615896839
"38",0.326475058589605,0.554279299307828,0.00265056480731153,0.116595077295255,3.32000513900859e-18
"39",0.0413718162503669,0.5312525942045,0.128879694904176,0.295529605911208,0.00296628872974896
"40",0.260496283804857,0.610625371116399,7.47223381255178e-18,0.128878345078745,2.49767420284322e-18
"41",0.236521200835568,3.33066907387547e-18,0.116880979310728,0.254041351143119,0.392556468710585
"42",0.00135676288244701,0.462448526410798,0.193374890340694,0.1795994662503,0.16322035411576
"43",0.152254642876963,0.359834642232849,0.147726856787327,0.0941211569971492,0.246062701105712
"44",0.03187315769408,0.893429605782506,3.38928422031556e-18,4.85942547004239e-17,0.0746972365234144
"45",0.0900186246302367,0.0295162712072932,0.182714251033545,0.141214194732115,0.55653665839681
"46",0.5912403950599,0.260591606547411,0.0304353340136789,0.0873747225761256,0.0303579418028853
"47",0.0873375496614567,0.582217913477993,0.33044453686055,3.45838272479281e-18,1.05686272144187e-17
"48",0.490076328624488,0.455374598227031,0.0541445401598226,0.000253102337658159,0.000151430651000309
"49",0.173102786153199,0.478544120560005,1.49625898616144e-18,0.210128872011532,0.138224221275264
"50",0.0269988332470024,0.74287554487004,0.145735669900939,5.23441347859335e-18,0.0843899519820182
"51",6.05505679003687e-17,0.0071778160810744,0.00831451909975021,0.984507664819175,1.32771182004755e-17
"52",0.128362214901756,0.0391886074509475,0.195900033643336,0.143364673706178,0.493184470297782
"53",0.290802332763221,0.65190113441322,0.0322868416413779,0.0250096911821817,2.77468988588096e-19
"54",0.000586712999776901,0.338664178711069,0.411202098895231,0.0762975654908937,0.173249443903029
"55",0.147408488952297,0.67383804309273,0.00549638860040275,0.172923186870859,0.000333892483711537
"56",0.127388083498091,0.098667818457292,0.207466885601983,0.0731545632793298,0.493322649163304
"57",4.26886752669578e-05,0.922371530157602,0.0775857811671311,1.5508743909378e-17,2.03992608130159e-17
"58",0.00249457255300797,0.175406177635626,0.158891635762734,0.184877430142477,0.478330183906155
"59",0.0724025598698934,0.922636272992808,2.76402140878824e-17,4.00965529253299e-18,0.00496116713729859
"60",8.07632759318549e-18,0.483376992274066,1.04186099423982e-18,0.472563171392087,0.0440598363338468
"61",0.128597815510924,0.109262665388545,0.134246019583729,0.160360706645613,0.467532792871189
"62",0.565760568826585,0.242772227242624,0.190954071591129,0.000513132339662309,3.30756627754276e-19
"63",0.196690863380389,0.569469220724118,5.46397360355953e-05,0.233785276159458,6.25783009021988e-19
"64",2.79617490162292e-18,0.768313830226724,0.228218989850988,0.00346717992228794,1.15261625187349e-17
"65",0.0293370820285228,0.540857909841727,1.87900553365508e-17,0.42980500812975,5.15836907510208e-18
"66",0.229711387739507,0.448069475002893,4.69094608205885e-19,0.302260976604295,0.0199581606533053
"67",0.0967647433561631,0.110945525760665,0.179796200159201,0.0979729149899945,0.514520615733976
"68",0.0735832766046887,0.746080501050169,1.04790650152632e-18,0.180291134150571,4.50881945709095e-05
"69",0.133466087773332,0.126106078282874,0.00129186450753472,0.63636431882501,0.102771650611249
"70",0.0764092119474515,0.557193183004231,0.0434038174895124,0.316540970667117,0.00645281689168784
"71",0.155346117403991,0.231298146659608,0.154929584368464,0.00339100770910813,0.455035143858829
"72",0.376523832728667,0.25780630314665,1.0842021724855e-19,0.0125379917483315,0.353131872376352
"73",1.67078756887046e-18,0.410278547850329,0.136407834811871,0.375459606968963,0.0778540103688367
"74",1.30941651871957e-17,0.998145474974555,7.81673238721882e-18,0.00185452502544508,1.8522598492865e-18
"75",0.164383733060161,0.496646738429277,0.00671658400062546,0.000586796073349779,0.331666148436586
"76",0.812161382848277,0.000712913743106974,0.0069949328761804,0.180130770532435,7.22408935800383e-18
"77",0.000772168481102226,0.314218132493797,5.56223342764428e-18,0.554156682073521,0.13085301695158
"78",0.275811569390873,0.581237003857722,0.000129272466922768,0.0729140843002352,0.0699080699842474
"79",0.347206644496563,0.650983456885392,4.44249759518903e-17,0.00180989861804497,1.03639580155838e-18
"80",3.08530552074445e-18,0.758535505312189,0.00262347273538544,0.23829087797094,0.000550143981485776
"81",0.622132862027114,0.316039225916112,0.0597363017038373,0.00209161035293693,8.50153438158664e-19
"82",4.24786408925745e-17,0.00340251534728427,0.0179608182724009,0.834285265679638,0.144351400700677
"83",0.162176905860754,0.113287999380751,0.144173172714382,0.0568317093453932,0.52353021269872
"84",0.207137186761301,0.711952973837953,0.0792717145672532,0.000809914416113884,0.000828210417378806
"85",0.112668297195551,0.0342717200074718,0.193520464967558,0.112530722655398,0.547008795174021
"86",0.040053417576918,0.70424439362762,0.00845827387691095,0.0658889275943391,0.181354987324212
"87",0.353267565098055,0.263214782028777,0.322077815435397,2.2226295288805e-18,0.0614398374377712
"88",0.372912950278837,0.463466404855644,2.28495104942061e-18,0.0842090422970371,0.0794116025684814
"89",0.0317332016026407,0.767442764441134,0.0753979474401178,0.106732099551874,0.018693986964234
"90",0.0113571560074651,0.740062992130439,0.155108657367663,3.75932004701625e-18,0.0934711944944325
"91",0.759488279305246,2.99490109312604e-17,0.0204517128679974,0.219729495758857,0.000330512067900163
"92",5.86238688735917e-18,0.747549270531298,0.00279161494278911,0.249470495439323,0.000188619086589966
"93",0.0737812446153367,0.735323606488187,6.37699710204096e-18,0.000540546037180077,0.190354602859296
"94",0.0865615942754886,0.0578535270607507,0.12959163021977,0.307288718107601,0.41870453033639
"95",9.90237775173104e-18,0.658455274084718,0.0674363261648398,0.262116140075644,0.0119922596747987
"96",2.45994524732848e-17,0.149440752886491,2.29370035625162e-17,0.850559247113509,8.99107016811044e-19
"97",0.666339303186695,0.0522357648122108,2.22243561577509e-18,0.132987468838825,0.148437463162269
"98",0.0118779273261157,0.409187763073385,6.4637691537406e-17,0.578934309600499,1.92231036473897e-18
"99",2.08576869221295e-18,0.301748203009931,0.233416134022761,0.103496238962707,0.361339424004602
"100",0.0968316991741858,0.14455114172358,0.234787812972381,0.00408556285453579,0.519743783275318
"101",0.0520913600336857,0.256097065885045,0.00119200798654865,0.690619566094721,5.47299443162853e-18
"102",0.495302807596054,0.504665254004196,3.19383997497955e-05,7.30120008985639e-17,3.99345895514055e-18
"103",0.0263741502976451,0.435061934221405,7.2433172946084e-05,0.537926932577861,0.000564549730142832
"104",0.155941144733828,0.329661335845634,0.0236681572300614,0.384274184543846,0.10645517764663
"105",0.543159993596556,0.304562726962922,0.152273485151237,3.79428928552215e-06,6.35111972042659e-18
"106",0.181689814664026,0.618147151866664,0.12054305610836,0.0796199773609499,1.42999435252369e-18
"107",0.0029318683027832,0.35839131233399,0.110828847262365,0.44073844894223,0.0871095231586327
"108",0.302607127463856,0.514340238813885,0.0446723096960677,0.134190927205793,0.00418939682039904
"109",0.00992242034933106,0.147317619041664,0.172746755756548,0.669757381939862,0.000255822912594551
"110",0.22326533786853,0.640084541091256,7.19023170345906e-18,0.135854988062863,0.000795132977351063
"111",0.329330850006482,0.0621978824679725,0.0315764865558197,0.576306711841027,0.000588069128698507
"112",0.125579181700978,0.431103090160823,0.151323113717469,0.00654142381409404,0.285453190606636
"113",2.4980018054066e-18,0.182910111348889,0.13552735802724,0.350285902464949,0.331276628158921
"114",6.10000400221071e-05,0.136255952813045,0.0460757640946668,0.649015855566212,0.168591427486055
"115",0.110251161434127,0.0605709109637744,0.197228626409575,0.0978795571881454,0.534069744004378
"116",0.12180208517287,0.112936642167753,0.148392316116024,0.169542620773596,0.447326335769757
"117",0.414911449658994,0.565462719745208,3.09979628884318e-18,0.0130319389628674,0.00659389163293138
"118",0.00589540418336483,0.45425004424411,0.0288790558121085,0.510975495760416,1.64161039431128e-18
"119",1.94289029309402e-18,0.775443910449287,0.118182480262969,5.0606966788023e-17,0.106373609287744
"120",0.0666980513587352,0.816942432357248,0.0682594143805206,1.80793785532948e-17,0.0481001019034964
"121",0.655208140070779,0.290335246702214,0.0544566132270074,6.17423701428742e-17,1.09885557773044e-18
"122",0.0432037079924372,0.61493673698912,8.32667268468867e-19,0.180914187915607,0.160945367102836
"123",0.241259026847673,0.32676150337064,0.339418237884474,0.0925612318972139,5.5430217288993e-18
"124",0.0884068982901393,8.32667268468867e-19,0.170425821207348,0.561337225621541,0.179830054880972
"125",0.0180288793932399,0.385791348673141,0.156506885059296,0.145780092912823,0.2938927939615
"126",0.748661233121574,0.242254464541288,6.53373042580633e-18,0.00135863314343619,0.00772566919370164
"127",2.01166493397171e-18,0.497351956748517,0.502648043251483,4.06556767851194e-17,7.01021684881451e-18
"128",0.243431320510633,0.357033882554039,0.0762341309896965,0.32067050985508,0.00263015609055086
"129",0.0989784547558589,0.569257575102137,0.113083284080516,1.11022302462516e-17,0.218680686061488
"130",0.116714605257002,0.0359592604367763,0.200549996945195,0.0922565200926934,0.554519617268334
"131",0.00459921967976915,0.408355504519025,0.171907392739556,0.280537604867469,0.13460027819418
"132",2.61401842963843e-17,0.915205324313016,1.8075223909773e-17,0.0847946756869841,2.25072532886953e-19
"133",0.0321786540832201,0.79936427174006,0.167458858127922,0.000641674721614301,0.000356541327182985
"134",0.0162102952897713,0.470599184780507,5.46125910624866e-17,0.513190519929722,2.84811901340833e-18
"135",0.231247425234682,0.577686610872193,0.100144120988926,6.93889390390723e-19,0.0909218429041989
"136",0.124458157153853,0.408173642661342,0.00528882943119541,0.446463278873941,0.0156160918796687
"137",0.0628264609131655,0.929846320966204,0.00732721812063047,3.49220828362103e-17,1.53042232233389e-18
"138",0.146911316005877,0.0687557636932572,0.231811826399098,0.0865960264850392,0.465925067416729
"139",0.105307042557278,0.772113988052063,6.10301475280185e-18,0.00102601697197504,0.121552952418684
"140",0.21526775153415,0.593468478355942,0.00536425606749369,0.10067241432927,0.0852270997131451
"141",0.0870472044350134,0.811240145169988,0.00121903246435111,4.32107466321795e-18,0.100493617930647
"142",0.101752020931421,0.321894214597141,0.0878782287729823,0.251756605914316,0.23671892978414
"143",0.471025094012041,0.435869609854192,0.0299698407094877,0.0631354554242791,1.13339029193167e-18
"144",0.678797258725398,0.240811980942778,0.000124062647579492,0.0638291644294254,0.0164375332548194
"145",0.0162048056083558,0.760513302514362,5.02005722670788e-18,4.10238311167197e-05,0.223240868046165
"146",1.83085005898973e-18,0.454617170291781,0.160567831147378,0.357115439525352,0.0276995590354882
"147",0.321978211835578,0.0561517273309954,0.00654252222205959,0.28884402490133,0.326483513710037
"148",0.00095084268052657,0.545256149493146,3.87401224001895e-19,0.306316848428465,0.147476159397862
"149",0.000142322752051043,0.999857677247949,5.75193564366545e-18,7.07406728107632e-17,1.39593730512113e-18
"150",0.213798042930659,0.17922406109656,0.0995098666412448,0.198429622488181,0.309038406843355
"151",0.0443644784132202,0.707871149232989,0.153511569968592,7.57772857520394e-19,0.0942528023851995
"152",5.32415849789067e-18,0.443290280010648,0.0676105194736067,0.482321886074911,0.00677731444083405
"153",0.00205642630538064,0.896802624471828,0.101140949222791,2.73692881871526e-17,3.65743105038036e-18
"154",0.262742060741489,0.646237369322751,2.16070225311331e-17,0.0910205699357599,7.13701048097741e-19
"155",0.00173706557605078,0.759412674871464,0.228190857247826,0.000149656323463396,0.0105097459811963
"156",0.217129271805368,0.0888717142551722,0.118824460289942,0.150431738546266,0.424742815103251
"157",0.237649831607177,0.697196637484115,0.0132156171511106,9.05894126303157e-18,0.0519379137575973
"158",3.33066907387547e-18,0.39323098189285,0.0781603198519893,0.228839163665685,0.299769534589475
"159",0.386936444906098,0.376046820338095,0.18062231443345,0.0347794872023717,0.0216149331199861
"160",0.199609154183264,0.221441427801268,0.202343908801959,0.00402446391475094,0.372581045298758
"161",0.319408577655437,0.585111934344114,0.0943882519582881,0.00109123604216096,1.1145598333151e-18
"162",0.00413331588770505,0.515350256468346,0.215251189001636,0.156818234703423,0.108447003938889
"163",0.000727259935810408,0.453592403970928,0.308080800692544,0.237599535400717,4.47585949457932e-18
"164",0.303738475129757,0.339342846106693,1.97134421737285e-18,0.33595655712105,0.0209621216425001
"165",0.519500560797268,0.452805267695051,3.45959819171072e-17,0.0276941715076813,4.80886258483895e-19
"166",0.0963008496384747,0.591881099441678,1.02481997718548e-18,0.0774133921745319,0.234404658745316
"167",0.118777446874603,0.0248385412934635,0.192850596052574,0.11534221291611,0.548191202863249
"168",0.00565826272159366,0.477510286238851,0.0699079274057011,5.71788936329516e-18,0.446923523633855
"169",0.22223391058163,0.734245345844448,0.000109869314038799,0.0144548064050765,0.0289560678548071
"170",1.61995733472031e-17,0.578665140509506,0.130406641103938,0.000642909572681579,0.290285308813875
"171",0.0023972649478981,0.390819080508341,0.193122952149938,0.183046839310418,0.230613863083405
"172",0.11276088844054,0.0390912983808414,0.196281218826403,0.109910501756735,0.541956092595481
"173",0.0803767632566095,0.690149806165111,0.0792623243209207,0.0523383339382949,0.097872772319064
"174",0.21569722316263,0.743185989913681,3.57664438826683e-19,1.69302259088742e-17,0.0411167869236892
"175",0.19983921992326,0.26490200383168,2.47786503727714e-18,0.535258231574138,5.44670922741903e-07
"176",0.0647417678885004,0.912085289913947,0.000800176621703646,0.0223722632199505,5.023558983778e-07
"177",0.0495006584778574,0.848493606346011,4.1700454802082e-18,0.00619032290335688,0.0958154122727748
"178",0.0999528737224247,0.719617491097523,0.0511306453909208,8.97413582697257e-18,0.129298989789131
"179",0.123478872464293,0.870946209301465,0.00128108506144144,1.03784433604832e-17,0.00429383317280041
"180",7.67598329100489e-18,0.0773148589307718,0.0769324472284272,0.615084491195661,0.23066820264514
"181",0.00437099868919274,0.0165508072280189,0.0303146574541193,0.840271265262728,0.108492271365941
"182",2.36052288249759e-18,0.592495013269423,0.067628010129581,0.0139819960871632,0.325894980513833
"183",0.277734982123717,0.311048233247356,0.00563572288626969,0.365671237042646,0.0399098247000117
"184",0.000722195727853059,0.450944709303484,0.00132294481209056,0.547010150156572,5.51368320304748e-18
"185",0.0323725019613424,0.828312417650944,0.105520740916636,0.00223305291894888,0.0315612865521295
"186",1.3405996470077e-17,0.479285520641817,1.77976445181878e-18,0.518852063976679,0.00186241538150425
"187",0.0580629816455762,0.306826700070818,0.37699652288155,0.246638624411284,0.0114751709907721
"188",0.199659693514044,0.329537988403698,0.142430109984573,0.109674773798633,0.218697434299052
"189",0.138593863431493,0.0300404248397921,0.230573378132026,0.123967590894106,0.476824742702583
"190",0.244554862605286,0.706310390868804,0.0263217564289165,0.000540439599658854,0.0222725504973348
"191",0.434539458584457,0.400837705040504,0.00908840347112627,0.155534432903914,1.34304082570209e-18
"192",0.31198728667962,0.075529250751601,0.0328600487158186,0.579623413852961,7.73005811824272e-19
"193",0.243230454032173,0.676005202168692,0.0776818030486441,0.0030825407504912,1.10442165536728e-18
"194",0.49213330793064,0.355377156679824,0.0872932297022315,0.0486898658314354,0.0165064398558691
"195",0.34196310055136,0.0697138106770923,0.00219015872757384,0.420134495010823,0.165998435033151
"196",0.170600829496282,0.0985575597535999,0.137498900343734,0.315822692350984,0.2775200180554
"197",0.130534158426709,0.732823631729898,0.03699982192132,2.04932843453058e-18,0.0996423879220731
"198",0.0430216972276348,0.627326538767302,2.54667101755548e-18,0.28890910518741,0.0407426588176532
"199",0.38218388151275,0.439124911582999,0.123869633150151,2.02827587795077e-18,0.0548215737540998
"200",0.251933403033189,0.258833516941232,0.0427498550847097,0.443262302623665,0.00322092231720437
"201",0.14009639650297,0.048112266962052,0.195310696301866,0.177939858941906,0.438540781291205
"202",0.22698327097177,0.686970903464303,0.0792089256368693,0.00032598876471631,0.00651091116234101
"203",0.152695834636135,0.184376675640788,0.185422518224059,0.0135764699006368,0.463928501598381
"204",0.0986443448750843,0.0524782462201328,0.198523454043942,0.107842677198958,0.542511277661883
"205",5.86845769305926e-17,0.816271334871954,0.183167112746994,0.000561552381051732,5.20417042793042e-19
"206",0.00256869467718324,0.887997984439132,0.000138043156322335,1.22910638318268e-17,0.109295277727363
"207",0.0695680880200316,0.653843079417624,9.85071175490393e-18,0.276588832562345,3.38411902812175e-17
"208",0.0237107965541848,0.525478964159451,0.0864332038545117,0.364309158436171,6.7876995682375e-05
"209",0.305565419960201,0.000849777903165784,0.0481499923455522,0.645434809791081,5.62438092766352e-18
"210",0.0390447701880801,0.945314013755173,3.1910649746481e-17,0.0156412160567473,1.65997405707008e-17
"211",0.091533625281777,0.18403119013504,7.49902877832426e-05,0.569483230345855,0.154876963949545
"212",0.393280814854363,0.273300032159462,7.80625564189563e-20,0.318070192169598,0.0153489608165768
"213",0.201677435701304,0.0218392629125065,0.372496180573966,0.403987120812224,2.23953642395765e-18
"214",0.0017005529430063,0.939214074924619,0.0235573236153223,0.0125053562515896,0.0230226922654627
"215",0.102847098463247,0.320431061023561,0.159349697191332,0.0770346242191102,0.340337519102751
"216",0.117061216875172,0.855692205640443,0.0272465774843856,1.38277497066829e-17,3.62784512693334e-18
"217",0.0165875360680797,0.377758968540017,0.249666268583836,3.6448790261094e-18,0.355987226808067
"218",0.230655687709315,0.674603808262853,0.00280932284963402,0.0919311811781979,1.7366589538737e-18
"219",0.114723079982649,0.054762920616467,0.179134678692905,0.116241318656719,0.53513800205126
"220",0.219038372504961,0.0627015149510171,0.221218200361396,0.254293018367655,0.242748893814971
"221",0.227681753712932,0.196324541867946,0.13907313003404,0.0203210770839654,0.416599497301117
"222",0.164594631728205,0.463852871820336,3.3269156536984e-18,0.370795867964655,0.00075662848680376
"223",0.0292746938560449,0.40833563463362,0.128883153698437,5.25181501085759e-18,0.433506517811899
"224",0.234100082688166,0.440344605855185,0.00436604015712625,0.321189271299523,2.19954029189888e-18
"225",0.265776546663419,3.33066907387547e-18,0.0893043321670324,0.544499216328516,0.100419904841033
"226",0.199096219358119,0.517391643625472,0.0911578524285075,2.22044604925031e-18,0.192354284587902
"227",0.163122097018883,0.0667084906625739,0.166599345308898,0.181376673600175,0.422193393409471
"228",0.248521738474609,0.676368992340546,0.0667257751279599,0.00133771954376932,0.00704577451311609
"229",3.51457451984392e-18,0.323589949054519,1.81440527611424e-17,0.676410050945481,1.51840540733646e-17
"230",0.385133157644823,0.566374235143362,0.0481466824794462,2.15964900049287e-17,0.000345924732368856
"231",0.0545012976156864,0.708179523286259,0.172562983424796,1.06607557320375e-17,0.0647561956732582
"232",0.156570137453838,0.690367586298077,3.71973019143954e-19,0.0820255043769886,0.0710367718710972
"233",1.17088672026181e-17,0.868384184931579,3.42906191758344e-19,2.69353401913747e-17,0.131615815068421
"234",0.415867348433866,0.0220134642113593,0.0617486618085925,0.434032802070148,0.0663377234760345
"235",0.00547798074760906,0.94409492440563,0.0434282525011625,1.4318750701112e-17,0.00699884234559834
"236",0.0985303125241214,0.110793019558312,0.195473769347861,0.134633458550105,0.4605694400196
"237",0.0282660328493834,0.650089880253904,0.321644086896712,2.39275159585733e-17,1.32274268576646e-18
"238",0.142956120470835,0.471034012911642,0.236432882150446,2.77555756156289e-19,0.149576984467077
"239",0.38002911724881,0.272773745629692,0.249475773685342,0.0977213634361551,7.48004546882924e-19
"240",0.245022115078677,0.423083907660766,0.0906374288516103,3.88334677338263e-18,0.241256548408946
"241",0.221777009705777,0.484186055022998,0.110846757635452,0.183190177635773,5.0956427182671e-19
"242",0.00637203941382609,0.83049485213978,0.0537664205450571,0.0192381264423133,0.0901285614590238
"243",0.29078781551769,0.604818399577398,0.103054445452953,0.00133933945195904,4.03721808341899e-19
"244",0.0609672495680127,0.67569107307364,0.023794420387991,0.239547256970356,5.36503719127983e-19
"245",0.286473534482251,0.292837010952818,0.00315730343130434,0.417532151133627,2.09114064582653e-18
"246",0.481245971752252,0.185427659394215,0.000580780089586299,0.332745588763947,1.10900364448075e-18
"247",0.324659255790418,0.22503301267512,0.000519132288749855,0.445100202854331,0.00468839639138111
"248",0.311988153709069,0.254471143187887,0.0896035941552936,0.00940656778430772,0.334530541163443
"249",0.0138780906862058,0.0857960360794788,0.297470305623835,0.213041463868989,0.389814103741491
"250",2.97955960598565e-18,0.699802630608645,0.245272855342543,0.0498255449858276,0.00509896906298461
"251",0.504585457348702,0.154923027423072,0.0232687949352626,0.310221597647177,0.00700112264578656
"252",0.198384871966743,0.38094043831044,1.41405217793344e-18,0.395398459225743,0.0252762304970742
"253",7.66502259397019e-18,0.855161837579414,0.00740772119141155,0.12697668836009,0.0104537528690852
"254",0.0797836606079416,0.546165468426543,0.295772572422257,0.0782782985432588,2.85285913494623e-18
"255",0.342984315727849,0.517410812771841,0.13960487150031,7.63618977407455e-18,2.87190202394479e-19
"256",0.114244511293722,0.582543962446381,1.22794025500951e-17,0.303211526259898,1.68337734263378e-18
"257",0.237062035919209,0.673715794925371,0.0638259316622928,2.23195009818503e-18,0.0253962374931274
"258",0.203016665416738,0.55354933496955,1.66533453693773e-18,0.046723195453472,0.19671080416024
"259",0.0780888448266097,0.831394036243172,0.0905171189302183,4.3429165163321e-17,4.91224728828601e-19
"260",0.204630984552352,0.448864649287332,0.0915770530107572,0.245896120192112,0.00903119295744744
"261",0.0410699790648869,0.513728061534869,0.100209144808513,0.3034530626803,0.0415397519114308
"262",0.17105532585075,0.341399552981065,0.140129030920014,2.22044604925031e-18,0.347416090248171
"263",0.20222306836026,0.688811328961876,0.0676384880616789,0.0413271146161851,5.83728930308869e-19
"264",0.0104932060808435,0.689171176584424,0.000259180181435482,0.243638347971055,0.0564380891822424
"265",0.215638375512487,0.641772701457655,0.100658073211729,0.0419308498181298,5.32279501107902e-18
"266",0.0634950655922576,0.780498097850999,0.126882149121703,8.02007695033834e-18,0.0291246874350412
"267",0.141488655187263,0.63828472872365,0.0903151189870275,0.12991149710206,2.45220550996887e-18
"268",0.177961482443634,0.242656844438459,0.15959772057844,0.00689387857931491,0.412890073960152
"269",0.834416530812291,0.158776453441446,2.64319240138181e-18,0.00680701574626336,6.08991801597519e-18
"270",0.0808234308136329,0.544579211532058,0.0453230342510519,0.150413954340387,0.178860369062871
"271",0.0205222503145199,0.478820669213433,0.00343459477677965,0.222493601671178,0.27472888402409
"272",0.0981664434301321,0.23348651816698,0.117836990113495,0.252669510325899,0.297840537963494
"273",0.800934486533716,0.111439564662289,4.36808859906863e-17,0.0876259488039956,6.8001997408783e-19
"274",0.473488121499978,0.194534445549712,2.42861286636753e-19,0.33197743295031,4.00383190604375e-18
"275",0.200595235163677,0.614847531134348,0.184557233701975,1.83426263017066e-17,1.128876002019e-18
"276",0.103196769281459,0.59221875888256,0.13897928555827,0.165605186277712,1.46484768930458e-18
"277",0.290120432295177,0.551227876472224,3.63612551688002e-18,0.15845335838214,0.000198332850458593
"278",0.152761179508174,0.770468503059528,0.00357543027480995,0.0627185539270951,0.0104763332303924
"279",0.0191451965509406,0.947184977495926,0.00696801778320202,1.09461259935253e-17,0.0267018081699313
"280",0.15564634397233,0.0972068265768649,0.205358278155811,0.0225325416418781,0.519256009653116
"281",0.102068653854578,0.0294204108421016,0.195656211030524,0.12225588146984,0.550598842802957
"282",0.169849509078887,0.213020235213357,0.133102903288041,0.118794533380074,0.365232819039641
"283",0.0106484656105206,0.346993083860023,0.120273483259082,0.511702705436471,0.0103822618339028
"284",0.226935875588644,0.636700160970956,0.123931909955523,3.08803758790193e-18,0.0124320534848771
"285",0.0391313446899049,0.268794146766049,1.11974756922468e-18,0.540218604686692,0.151855903857354
"286",0.213087153586191,0.279329525015506,0.127346521444732,3.10862446895044e-17,0.38023679995357
"287",0.13052705727739,0.866699408983156,0.00235129421447242,2.29837574220092e-17,0.000422239524980937
"288",0.0710403069515471,0.752865019398601,4.18970409184538e-19,0.111479148086771,0.0646155255630805
"289",0.00868961228355386,0.21577234078731,0.200235831537486,0.140982477048724,0.434319738342926
"290",0.179048418295652,0.530119396013068,0.0635933485928343,3.36310974189387e-18,0.227238837098445
"291",0.113946987007998,0.0514686491834413,0.171700879141776,0.11552944886579,0.547354035800995
"292",0.159509912957931,0.839862564779444,0.000627522262624877,1.52740409839223e-17,9.1902106521149e-19
"293",0.226369755807599,0.597588586797662,0.161465726741342,2.5594765496759e-18,0.0145759306533971
"294",5.15050261538293e-18,0.94269111754132,0.000335843268376542,2.55219602237186e-17,0.0569730391903034
"295",0.253525413057425,0.545363653196303,0.18962868482187,0.0110725631251999,0.000409685799202591
"296",0.231596418290532,0.32433969506538,3.7518897670033e-17,0.444063886644088,1.94289029309402e-18
"297",6.23172785857857e-18,0.729078586707128,1.08745183205759e-17,0.270921413292872,1.07502096176681e-18
"298",0.126347157846152,0.000119258416720563,0.00161023037920855,0.871323125711756,0.000600227646162871
"299",0.0327824608602501,0.415252126352964,0.185776486519728,7.53822099958412e-07,0.366188172444958
"300",0.427610033707097,0.402811176745216,0.00545215066125537,0.164126638886431,4.94603644714721e-18
"301",0.0607617571184513,0.432754567224797,0.179860325243783,0.0289500102721885,0.29767334014078
"302",0.091173292318486,0.428884024076614,0.193762239178639,2.350517734478e-18,0.286180444426262
"303",0.0679128797217063,0.507107066387012,0.134614414744961,0.290365639146321,1.24847564080225e-18
"304",0.114834831798754,0.885165168201246,1.66653632917103e-18,1.4629968383568e-16,6.83378036565731e-18
"305",1.47367497761142e-18,0.804747942270423,1.63891426726217e-18,0.00638338362682427,0.188868674102753
"306",0.0695386468571559,0.0811024514473844,0.156626562527792,0.206027324525414,0.486705014642254
"307",0.231321772189454,0.107288357910773,0.182549302908986,1.92715837998326e-18,0.478840566990787
"308",0.23968309576781,0.430800827108776,1.4195486337942e-18,0.28083599458863,0.0486800825347832
"309",1.66533453693773e-18,0.795231918244594,0.0854917579091474,2.35516624436413e-17,0.119276323846259
"310",1.67349919316098e-18,0.213327416875973,3.0260535361076e-18,0.598062114518022,0.188610468606005
"311",0.35189518232336,0.455272826676952,1.52892677233238e-18,0.0527521984206573,0.140079792579031
"312",6.04779718192363e-18,0.640781683916862,0.181969950735356,0.161131421275804,0.0161169440719772
"313",0.143371366729857,0.121797859806715,0.156299839844425,0.0551053319685958,0.523425601650407
"314",0.210177658466663,0.0475432715193837,0.0776155021606077,0.664663567853345,2.94902990916057e-19
"315",0.0658383332002559,0.921400957032824,1.40998842725711e-18,0.00372342256546402,0.00903728720145612
"316",0.209386322151931,0.427831708113612,0.0243988838577704,0.320023134947376,0.0183599509293109
"317",0.11002999291768,0.0760012230934459,0.184476008289539,0.12562821911913,0.503864556580206
"318",6.73443944068495e-18,0.368591396640753,0.0773532992947786,0.554055304064468,6.20411919034075e-19
"319",5.23162505572577e-17,0.911170118377467,0.0268632894830803,3.24810600094962e-18,0.0619665921394525
"320",0.289287930222067,0.0940702309970843,0.030976351564017,0.176667456133631,0.408998031083201
"321",2.22044604925031e-18,0.602518142662342,0.0807705903293844,0.245796557772789,0.0709147092354848
"322",0.331738561243343,0.28771454343217,0.0823371975264001,0.25084691736329,0.0473627804347971
"323",0.0198136183258175,0.591267949962058,1.87099689857588e-17,0.388918431712125,2.04753436640493e-18
"324",0.0639181262751544,0.625498418243143,0.310583455481703,6.1137698486146e-18,1.97319426882647e-18
"325",0.00936896662149417,0.451774340780257,0.324860982064208,0.19325016569881,0.0207455448352313
"326",0.046095071560571,0.512181739967165,0.00233003122195866,0.425231065689606,0.0141620915606996
"327",1.79270941490972e-17,0.918079040771438,0.0744357160880052,0.00748524314055672,1.14385209619593e-18
"328",0.397698225711423,0.250005053456759,0.00160950355248816,0.350687217279329,2.0030323446889e-18
"329",0.223119249050904,0.0553160227430998,0.15562399691767,0.0891711775312009,0.476769553757125
"330",0.242610651159755,0.41782025024231,0.0853518947050962,0.254217203892839,1.31335878991706e-18
"331",8.55395191110852e-05,0.755333998333821,3.60171922826525e-18,0.101056603602323,0.143523858544745
"332",1.91517365687859e-18,0.804243132895306,0.0145981821694652,8.03084562923844e-17,0.181158684935229
"333",0.769960299496866,0.177292017261616,0.0526673942666387,1.10696389472532e-17,8.02889748794863e-05
"334",0.432683039180291,0.45400344346356,0.0112385353659352,2.66405741880692e-18,0.102074981990214
"335",0.102494695390117,0.22625686354597,0.11739882792144,0.224356689745902,0.329492923396571
"336",0.262787101284082,0.00423771465213446,0.012056498091435,0.716300436641702,0.00461824933064684
"337",0.104629481675075,0.623070119966887,0.0047593797232488,0.238874811164426,0.0286662074703633
"338",1.89493554408457e-17,0.809170261238499,5.96989927297282e-19,0.053446231240077,0.137383507521424
"339",0.14612192565709,0.135189332317127,0.148741239896788,0.292499624519455,0.27744787760954
"340",0.224682818257322,0.014489430164491,0.0120131125177671,0.721629428145506,0.0271852109149141
"341",0.159611613280804,0.355012836686119,0.0203736218175235,0.465001928215553,3.72737424541449e-18
"342",7.95377355702868e-18,0.3315136143902,0.00949655557134253,0.636917106630409,0.0220727234080486
"343",0.00629854188495367,0.615696070885905,0.340007742328323,3.62128158252899e-17,0.0379976449008176
"344",0.00487321995087109,0.171650232770902,0.189156554328233,0.105702045968403,0.528617946981591
"345",0.24257919831668,0.458486406856565,0.0263248539526521,0.232190795505667,0.0404187453684352
"346",0.00233416320690726,0.229153973886078,0.0441382522321309,0.502830236678764,0.22154337399612
"347",0.0311526500214024,0.539324365774109,0.148257291935263,0.22189472136733,0.0593709709018952
"348",0.0746587206934296,0.623400513236668,0.251384236161701,0.050556529908202,9.71655920060162e-19
"349",0.0496285730713321,0.533368395685537,0.000433688850455549,0.416569342392676,1.10740897951811e-17
"350",1.5305457480788e-18,0.522378721111583,0.132132594488906,0.295780161035735,0.0497085233637763
"351",0.00256844391750086,0.889162209586045,0.0849563418506661,0.0233130046457877,5.3626169473239e-18
"352",1.2490009027033e-18,0.431194630206021,0.0832148542831092,0.290831677446124,0.194758838064746
"353",0.0814410596912863,0.475812593358596,1.5388755318044e-18,0.442736545037697,9.80191242110633e-06
"354",0.0837213375069032,0.802363820659452,0.00121157210798894,0.112703269725655,3.1862703740184e-18
"355",0.365727862297402,0.00893576679698164,0.205268527866854,0.420067843038763,3.84997832302202e-18
"356",4.63785832498648e-18,0.420181878131642,0.370480460361341,0.00205258780344021,0.207285073703577
"357",0.294714579375471,0.704875941836909,8.69924806863904e-17,0.000409478787620461,5.21158114819502e-18
"358",0.109125752910922,0.532623311125955,0.171191217090815,0.187059718872307,2.09575110186709e-18
"359",0.3824837976874,0.225389559054085,0.179495006732894,0.108668841361021,0.1039627951646
"360",0.28028198474663,0.649542645284839,0.0701753699685306,2.63715083252008e-18,1.07062538286758e-17
"361",0.44632265683433,0.062386463206293,0.126862343089419,0.364428536869958,5.55111512312578e-19
"362",0.0613243771629096,0.116609609647903,9.16785077061123e-19,0.822066013189188,1.02547904001364e-17
"363",0.0948276723315201,0.883992010482026,3.87633798958554e-17,0.0211803171864543,9.57072322766853e-19
"364",0.294351419315891,0.588295313188448,0.0269648692162764,0.0478239923281748,0.0425644059512098
"365",0.204620019582096,0.19751909106366,0.133283864324441,0.0257336998159422,0.438843325213861
"366",0.161150599783683,0.220748330130626,0.160651609025766,0.243803535923662,0.213645925136263
"367",0.279528062035049,0.543056268369607,0.0797539261965933,0.097661743398751,3.70785475006956e-19
"368",0.013805232734272,0.542062055075118,5.95746023811146e-18,0.44413271219061,2.15326734464599e-18
"369",0.199031004870945,0.510532938548133,0.0119974041470808,0.278371047305835,6.76051280064947e-05
"370",0.201077491492049,0.0290284660149658,0.20152490294655,0.182798118546941,0.385571020999495
"371",0.182115450131066,0.120106367190902,0.240803687862267,0.178400349957886,0.278574144857879
"372",0.264002733645115,3.65820540823654e-18,0.223425354174904,0.509459492626632,0.00311241955334896
"373",0.361089510684881,0.239814934654132,0.19314173255942,4.84041983991547e-05,0.205905417903168
"374",0.240137719869724,0.275080151456093,0.00410823939591895,0.480673889278264,4.66281853614146e-18
"375",0.295103876977952,0.351720071888425,0.188966372110205,0.164209679023418,3.48660656121303e-19
"376",0.00585231560424055,0.894461429105612,4.21084275601222e-05,0.0292870832871225,0.0703570635754645
"377",0.00711236581894236,0.0337680637680623,0.0448783497129795,0.77496433653867,0.139276884161345
"378",0.0945856079022784,0.3176229387366,0.226045440818059,0.0601849302834977,0.301561082259565
"379",0.235768771709743,0.735204442816224,3.28943661914504e-18,0.00885714647733588,0.0201696389966971
"380",0.0229308087755881,0.544208194260437,0.0932905274692954,0.11648179549878,0.2230886739959
"381",0.0541440617071667,0.745298769339132,0.1293290286128,0.00824991755315826,0.0629782227877432
"382",0.250574485645937,0.728143374388192,0.0212821399658706,5.09752062278509e-17,4.47286704649877e-20
"383",3.59448039956759e-18,0.903111093938569,7.67623104236916e-19,0.0550020702730766,0.0418868357883548
"384",0.119118639549558,0.149718034570975,1.97943349933488e-17,0.731163325879467,1.542550184001e-18
"385",0.193672763648446,0.130044551273279,0.268213379950896,6.93889390390723e-19,0.408069305127378
"386",0.239198876361862,0.743483816022575,0.00651952674295475,6.29825612626394e-18,0.0107977808726088
"387",0.0305747602277269,0.647118798730916,6.9995485235403e-18,0.286263407565269,0.036043033476088
"388",0.00012814445093686,0.414562199607973,0.278666165524256,0.305152412771146,0.00149107764568786
"389",0.606184111601736,0.14402829010255,0.00200877521886053,0.244845799903137,0.00293302317371632
"390",0.171955776532268,0.068325962793794,0.108697122796814,0.560334459643991,0.0906866782331335
"391",0.00256784057856187,0.971380731087642,0.00366060359165286,0.0112977395248975,0.0110930852172454
"392",0.192932903386304,0.567171388901454,0.00341087046335598,0.113680341618888,0.122804495629999
"393",0.0243764049766577,0.371720893643407,0.00886414099183568,0.594602383049223,0.000436177338877305
"394",0.0745587892308938,0.0683972150643294,0.223396916415877,0.0924716285657333,0.541175450723167
"395",0.526297917382701,0.328912416240488,0.0600140925649297,0.0828289190705242,0.00194665474135703
"396",0.51643021607941,0.0573458787926103,0.0160386117627401,0.396397741849921,0.0137875515153191
"397",0.0264232580875271,0.894301095611125,0.0732882067796357,0.00598743952171206,1.58233671497308e-18
"398",2.09533030096761e-17,0.772639290695615,0.0107087935752126,0.216651915729172,7.56906337460148e-19
"399",0.223522674353226,0.283225285864454,0.064126277126569,0.387111961669698,0.0420138009860527
"400",0.48771444229059,0.183287706570397,0.0125079086813863,0.13360361998797,0.182886322469657
