"","V1","V2","V3","V4","V5"
"1",1.40229184677844e-18,0.315262157326663,0.0808042836499018,0.284928462961122,0.319005096062314
"2",1.29425486830312e-05,0.767374942985505,0.23218345049198,0.000428663973832637,9.21530121139885e-18
"3",0.215596612171909,0.632643022572759,0.128130873373303,4.85736163835027e-18,0.023629491882029
"4",0.0760671524127224,0.528102162219642,0.00630473532170613,0.263449845159432,0.126076104886498
"5",0.0989258266648993,0.110143798849535,0.212432833075322,0.0465354208789671,0.531962120531277
"6",0.451628212538139,0.472060273952329,0.00395036430946672,0.0361026359678277,0.0362585132322374
"7",3.2748822244227e-17,0.624467408522729,0.00274765241119083,0.37278493906608,3.6118323359807e-18
"8",0.0171826770822264,0.483212441800672,0.0890732786670272,0.349677574584202,0.0608540278658722
"9",0.178476853910441,0.597318440185958,0.224192788838522,7.11710942262972e-18,1.19170650800092e-05
"10",0.306249209426926,0.451394699215185,0.0021772783587627,0.122161261348074,0.118017551651052
"11",0.00150864163514683,0.450210341347149,0.00097136809452292,0.547309648923181,2.22547641370128e-17
"12",3.15252943052763e-18,6.50442215085129e-17,0.301466673948869,0.698533326051131,3.64384690297725e-17
"13",0.0602485257177024,0.466391394308643,0.201964478459522,0.130827972029163,0.14056762948497
"14",0.209557700725043,0.0234481389410032,0.150999231747684,0.161532723952474,0.454462204633797
"15",0.147179778541711,0.050439250850915,0.148063576611826,0.175825565091492,0.478491828904057
"16",0.110381024115522,0.0387931545335351,0.195533626133617,0.111244293452539,0.544047901764787
"17",0.00315507663506993,0.356138424724221,1.04362002311479e-17,0.640706498640709,3.78375392925138e-18
"18",0.112470112623252,0.311099692573072,0.211293638954624,1.08246744900953e-18,0.365136555849052
"19",0.0502017441613715,0.37617034382212,0.012803225408646,0.0101827257768263,0.550641960831037
"20",0.171965394889548,0.233108987176604,0.142829188605639,0.0887817535158492,0.363314675812359
"21",0.431076490011732,0.520101451629961,0.00691715401845645,0.00302794293354145,0.0388769614063083
"22",0.124222928542536,0.831711729015974,9.34206997619056e-06,0.00221049176579665,0.0418455086057169
"23",0.18217344928333,0.284300841822358,0.000576714361974904,0.532948994532337,7.34921335471911e-18
"24",0.0977465758811441,0.812813431348042,0.000173608958190975,0.0892663838126228,4.77676211399506e-18
"25",0.00736222350823812,0.599892252911618,0.000117570826094215,0.176465447524126,0.216162505229923
"26",7.85434673145603e-19,0.832879586083077,0.141205889036997,4.96585081274394e-17,0.0259145248799258
"27",0.190234602747385,0.390573487198256,3.93747886176692e-18,0.418883495804471,0.000308414249887809
"28",0.209360656135219,0.20212401426564,0.158763533393798,0.0245662317615295,0.405185564443813
"29",0.0907401579692012,0.773059587043615,0.117175949048758,0.00212451704701416,0.0168997888914126
"30",0.110841230540099,0.0459548206781526,0.196989622716347,0.108896789532447,0.537317536532954
"31",0.165472541047955,0.780684800344103,0.00852435147942716,0.0453183071285152,8.17075259082749e-19
"32",0.115519479464622,0.348678208559445,0.106180293269037,7.54951656745107e-18,0.429622018706896
"33",0.110491045466055,0.20960723776858,0.147435107043785,0.0734106291021988,0.459055980619382
"34",0.0055694905249559,0.0601334461400649,1.69814960100717e-18,0.751858947147874,0.182438116187105
"35",0.0695423920321265,0.599079178497811,9.38851364782991e-19,0.187269499843063,0.144108929627
"36",0.503224057462833,0.127488617963736,0.0244392888470848,0.344848035726346,6.44503573929525e-19
"37",0.108514405607747,0.173164359165399,0.159081679836712,0.100307431068565,0.458932124321577
"38",0.448173060406094,0.404805438811341,0.0424297583310559,0.104591742451509,7.78015651743084e-19
"39",0.0274778630561815,0.529433753957262,0.116480410504188,0.302861050663601,0.0237469218187672
"40",0.381264231724136,0.539104573465673,5.91323741698759e-18,0.0795274998375998,0.000103694972591134
"41",0.1206132573266,0.033121849529378,0.201934923563362,0.10629766901556,0.538032300565101
"42",0.00640536799355465,0.231509451510609,0.21436238757079,0.099362279783565,0.448360513141482
"43",0.3951067734018,0.279299288976391,0.0123380318031284,0.298674699617068,0.014581206201613
"44",0.236065751990021,0.52263019622195,0.00120763962720149,6.91119137670381e-18,0.240096412160828
"45",0.42374716102028,0.123255873643212,0.0952734457894792,0.188162447839132,0.169561071707897
"46",0.102605298065745,0.477827786660084,0.00654613607973907,0.413020779194432,2.95543884762608e-18
"47",0.0335131844671149,0.723415238860279,0.243071576672606,2.89414243261556e-17,2.71094667055244e-18
"48",0.397587877081567,0.0671590198921942,0.153660287067787,0.0925825043889399,0.289010311569512
"49",0.240852867475605,0.0638357021178693,0.0118352774473892,0.662524399303245,0.0209517536558916
"50",0.0557496191860632,0.421002393892859,0.159041651698349,7.67252329458924e-19,0.364206335222728
"51",0.0144287701262731,0.582541919087613,0.0017888997662227,0.392966559442785,0.0082738515771063
"52",0.288843116263297,0.201306587247637,0.0886503044396296,0.421199992049436,7.09506841703275e-19
"53",0.241325698905404,0.446940627153511,0.0555608381161977,0.141099977535518,0.115072858289369
"54",0.0151031794627004,0.42859770289486,0.320810978429883,0.134648915234818,0.100839223977738
"55",0.142520609567931,0.383289364416899,0.11174885062805,0.116987407846074,0.245453767541046
"56",0.0949303721312889,0.461729360487349,0.178581297072706,1.86160468377502e-18,0.264758970308656
"57",9.64506252643105e-19,1,1.31995371582935e-17,2.65128996160992e-17,1.82675489576401e-17
"58",7.81471651164258e-18,0.60353874309181,0.00894072015990856,0.3844929905065,0.003027546241781
"59",0.105685410396123,0.383239265139263,6.24500451351651e-19,0.157547719356413,0.353527605108201
"60",6.0729086817886e-18,0.349779997376616,0.00215832025365727,0.413822526425055,0.234239155944671
"61",0.0499685065608516,0.407984257164258,0.00475020760534575,0.268749957997988,0.268547070671557
"62",0.0336987233339885,0.706153293423451,0.260147983242561,5.2308948581203e-17,2.08092105583944e-18
"63",0.256356466119867,0.421793140311377,3.67761376907083e-19,0.234050847984809,0.0877995455839472
"64",8.61204057679686e-19,0.843784836983278,0.114468744392048,0.0417464186246746,2.71243887477036e-18
"65",0.386993950336831,0.479538374349108,3.89715883106157e-17,0.133467675314061,2.75777308348957e-18
"66",0.132604126306325,0.183092587783417,0.100526184102959,0.17962545001934,0.404151651787959
"67",0.000619407140027357,0.835345668286448,0.00444447888369852,0.120222628225392,0.0393678174644341
"68",0.000325112070741682,0.815885374019129,3.57317419340205e-18,0.18378951391013,1.39976813132441e-18
"69",0.183157693747965,0.328456167125845,0.0375985575357496,0.450779167514674,8.41407576591411e-06
"70",0.0607573196229659,0.616580228387882,0.05503204726093,0.267630404728222,1.01090328946225e-18
"71",0.0924354129002185,0.472786994936124,0.160800092527189,0.000706647309806165,0.273270852326662
"72",0.465766004360233,0.228608523483947,8.18789480661053e-19,2.04805844129309e-17,0.30562547215582
"73",0.0142169142741493,0.185456609860314,0.16524313459147,0.232691216091661,0.402392125182405
"74",1.61553938084369e-18,0.91112844015376,0.0100616178109499,0.0453864803846324,0.0334234616506575
"75",0.00148071516421161,0.210226856160973,0.191780526431387,0.456911327874306,0.139600574369123
"76",0.73658148214408,2.19047334303407e-17,0.0287850824304299,0.23463343542549,5.29164380323773e-18
"77",0.00254337867927077,0.354357316996899,5.95275750983675e-18,0.64309930432383,1.19065782496787e-18
"78",0.346806536052491,0.490618082340394,2.42649919201577e-18,0.157863257816527,0.00471212379058757
"79",0.130669228960583,0.267568592097596,0.0585273631288154,0.176563034830857,0.366671780982149
"80",0.00877179913926243,0.404758724644444,0.0850683739294728,0.148018164594524,0.353382937692297
"81",0.439583500360873,0.447941276322919,0.107353565300623,1.10019900471851e-17,0.00512165801558508
"82",2.82740065630029e-17,0.725165107270299,0.169675841210939,0.0828368490805253,0.0223222024382362
"83",0.290493798789034,0.609834185595753,0.00341107760121174,0.00301842636983891,0.0932425116441623
"84",0.22795049943898,0.323002619047302,0.0137642257513996,0.435282655762318,5.71254454929007e-18
"85",0.272872772716834,0.483435503573221,8.68858678897657e-18,0.0563377603360443,0.187353963373901
"86",0.0942713466959429,0.872373106261064,0.0014733286177719,0.0184991410287115,0.0133830773965094
"87",0.206944592734361,0.195453318012461,0.265469388359378,3.99680288865056e-18,0.332132700893799
"88",0.109678596426363,0.328608103902743,0.00126161639211748,0.252243999974873,0.308207683303904
"89",6.66543654356485e-18,0.757191780807938,0.118805390166558,0.109876273045353,0.0141265559801513
"90",0.104562459369823,0.334865065643222,0.185583355598911,0.000156877191296873,0.374832242196748
"91",0.000345270995226645,0.392457148836756,0.0699950482422112,0.158496316359682,0.378706215566124
"92",0.0467116299616077,0.181683071067605,0.183076112255338,0.162124430910361,0.426404755805088
"93",0.21425854617645,0.227617220456382,0.00131801839626995,0.158774801464721,0.398031413506176
"94",6.78403213835928e-05,0.0931420585173153,0.0535956892449967,0.550981996522709,0.302212415393595
"95",1.51421306744588e-18,0.389808739071919,0.211598716096634,0.355852140722116,0.0427404041093313
"96",2.38281201043486e-18,0.150286566123871,0.0136536161496428,0.469981453269387,0.366078364457099
"97",9.43769859338603e-17,0.612959413460773,1.2661698558156e-17,0.387040586539227,1.4432899320127e-18
"98",0.0203511253138037,0.461807515980434,1.90289993984972e-05,0.512736162844805,0.00508616686155914
"99",9.7716067801597e-18,0.653297927073543,0.255964620884973,8.48353672553359e-19,0.090737452041484
"100",3.46699758066009e-18,0.95807345483636,0.0279817152639824,1.29330238270273e-16,0.0139448298996579
"101",0.117810323513864,0.224876286553976,0.372506635618566,0.284673147766633,0.000133606546960796
"102",0.804711705905975,0.193418212950038,0.00068597032048978,2.57551170796301e-17,0.00118411082349712
"103",0.335799784368127,0.512158581238549,0.00318670503133369,0.112499656652409,0.0363552727095818
"104",0.107683417366481,0.776628715173915,0.115687867459605,8.60422844084496e-19,4.23058650709642e-18
"105",0.612969498415631,0.247688796517222,0.139147658303853,0.000194046763294138,1.3074177020651e-18
"106",0.249926785194439,0.341214580517203,0.140247882346493,0.268610751941865,1.59920081497641e-18
"107",0.0280627075287709,0.508134729932284,0.13160393278879,0.13778249847053,0.194416131279624
"108",0.147797262211046,0.0880001070635578,0.176510811339881,0.106948314982128,0.480743504403387
"109",1.63356983577886e-18,0.554162119834654,1.77500158883228e-17,0.445837880165346,4.45831710097075e-17
"110",0.136820060479207,0.416631807409464,1.88737914186277e-18,0.116878031195792,0.329670100915537
"111",0.299292742145894,0.425670209661589,0.128094789949151,0.0963218424306756,0.0506204158126906
"112",0.126984718415182,0.738298755359554,0.115584690451125,0.017441864041335,0.00168997173280443
"113",6.49442151051121e-18,0.138084800354081,0.0423391829681499,0.815988275919362,0.00358774075840689
"114",0.0175975271770281,0.308045619009248,0.0710805724778835,0.596751784239781,0.00652449709605944
"115",0.15909963344606,0.23738405394463,0.105724175890526,0.310092901312015,0.187699235406769
"116",0.0859952781431907,0.232213662278162,0.104194726561993,0.168088134061709,0.409508198954945
"117",0.431748943969236,0.562350466962426,1.1443147455643e-17,0.000151588363869082,0.00574900070446885
"118",0.00216000271036221,0.484674006090718,0.0979200048764206,0.414194802732942,0.0010511835895574
"119",0.00180980975860133,0.738042651804191,0.1181257295069,0.000304233867792747,0.141717575062515
"120",0.087692245726698,0.088456442463078,0.192479232320551,0.106377025695445,0.524995053794228
"121",0.123279733538452,0.0412246429236994,0.194859186382266,0.112829958503575,0.527806478652008
"122",0.000749828077281969,0.995720204764123,1.47815922770349e-17,0.00352996715859489,3.55177425182956e-18
"123",0.165976135465685,0.291849007443204,0.272430353505825,0.0082309455001093,0.261513558085176
"124",0.0827969521793377,0.0209764248124867,0.180871459047947,0.715041085690365,0.000314078269863617
"125",0.00204085773290671,0.357437020530676,0.161060933986216,0.478242490670687,0.00121869707951346
"126",0.218571707659352,0.123256980558992,0.0576515876618957,0.218832231791852,0.381687492327909
"127",0.301974457488968,0.0740983476550507,0.333866730542566,0.277877393529489,0.0121830707839254
"128",0.0984190094783504,0.0730705946281149,0.196273807851375,0.157298737961695,0.474937850080465
"129",0.135294760963997,0.776807001469171,0.0875933799650066,4.72684748744658e-17,0.000304857601825351
"130",0.168914553487521,0.324780550340745,0.00846146863525379,0.243511765645132,0.254331661891348
"131",0.155399709143593,0.00563082531427114,0.177961014786543,0.297105308020343,0.36390314273525
"132",0.00089290426749428,0.414155912546492,5.37666127261113e-18,0.409755236244326,0.175195946941688
"133",0.126185476679328,0.687340681109957,0.160169946965582,3.39988479626398e-18,0.0263038952451323
"134",0.183612713484782,0.335517715761095,4.65643844757452e-18,0.0566762574089634,0.42419331334516
"135",0.205811204140142,0.701639145546801,0.0430365332904148,0.0371763259952459,0.0123367910273959
"136",0.109157170316883,0.0388777129754517,0.195914737237377,0.111402968527275,0.544647410943014
"137",0.033624975828843,0.897260422128136,1.631356987211e-18,0.0691146020430212,7.87721157971133e-18
"138",0.20224086562325,0.533888549172177,0.263156845700964,0.000713739503609123,1.3784094375679e-18
"139",0.0695966005106862,0.863979930935262,0.00035318278264539,0.0588668640631403,0.00720342170826572
"140",0.103532736532275,0.404499060418649,0.118306722152211,0.00388318751272723,0.369778293384137
"141",0.143253189916995,0.703367776912707,0.0269289915979961,2.99771707138223e-18,0.126450041572302
"142",0.466453922055041,0.533176643189416,1.11226358131559e-17,0.000369434755542093,8.04100334988516e-18
"143",0.168686472977852,0.208285142685779,0.115883874237607,0.0981766513261076,0.408967858772655
"144",0.118435538565037,0.0703554254645761,0.174506752416833,0.113911836641631,0.522790446911923
"145",0.143886249214116,0.805075280535163,4.39947925986013e-18,0.000966672184511754,0.0500717980662092
"146",8.57092052641575e-18,0.611962908308507,0.0843240453093848,0.303614940418449,9.81059636595106e-05
"147",0.094084361328773,0.226508804850649,9.22070318161613e-19,0.562678254884979,0.1167285789356
"148",0.264862973692808,0.536051082081369,0.00173496710214801,0.197350977123675,2.42838113319292e-18
"149",0.100562554609114,0.0727619230356937,0.187213794868645,0.0983905471814852,0.541071180305062
"150",0.421213967676029,0.450947190840607,0.000971326512244416,0.126867514971119,4.95517686665998e-18
"151",0.0183575468854236,0.781119888021804,0.180759619018278,0.000233185809174232,0.0195297602653206
"152",0.107891417484725,0.302042969976778,0.285761375934347,0.29671540976109,0.00758882684306091
"153",0.000487904521228157,0.723644825653861,0.188023040435002,0.052310434351714,0.0355337950381941
"154",0.303286471700661,0.43201223461139,1.25060095196535e-17,0.199136068906218,0.0655652247817311
"155",0.0671603607996949,0.75849958874967,0.156347760505759,0.00131937602439987,0.0166729139204758
"156",0.415963164473621,0.455868042126802,6.52155840030536e-18,0.128168793399577,5.13480124333358e-19
"157",0.266914287144438,0.697098403533381,0.0122182284542704,1.3125544131109e-17,0.02376908086791
"158",0.00608525716378924,0.657674953214106,0.0480937302946957,0.163429317123738,0.124716742203671
"159",0.350371427274877,0.0287075500037684,0.105306921693867,0.507276820937941,0.00833728008954651
"160",0.181782587751623,0.400203103997071,0.167289715753396,2.42802793362222e-05,0.250700312218574
"161",0.351880133747041,0.479742555203779,0.168206786157871,1.18860293336294e-05,0.000158638861975305
"162",0.000561633530818341,0.465373668586907,0.220825114580205,0.0177226979278437,0.295516885374226
"163",0.198351101613065,0.000144494877188315,0.23039058149984,0.106122097652881,0.464991724357025
"164",0.313206645169107,0.604130945688934,4.72003228442194e-17,0.0826624091419584,9.97390969466301e-19
"165",0.491535783278408,0.169700437382339,1.03065685425327e-18,0.288870790242949,0.0498929890963033
"166",0.174972376757894,0.517755163722204,2.61747677582289e-18,0.0481817379463876,0.259090721573515
"167",0.0202132805897859,0.723737509445111,0.0100445874059281,0.179213909624112,0.0667907129350633
"168",0.0610921327423161,0.436392605461897,0.161295100417464,0.166854841095553,0.174365320282771
"169",0.28695540718742,0.373123916504794,0.0197576632540838,0.135090975673319,0.185072037380384
"170",5.76497047570222e-17,0.965348261685957,0.028427733813819,1.91341338761693e-18,0.00622400450022369
"171",0.0148304550116585,0.544069878674373,0.303389116130743,0.00349441897360499,0.13421613120962
"172",0.285244378294174,0.522797105735277,0.191365554738217,7.10256169793705e-18,0.000592961232332206
"173",0.161521014276889,0.771441744790656,0.00940486665558245,0.0569321205655585,0.000700253711314546
"174",0.185589852281605,0.814410147718395,3.0251540028756e-19,5.49729827260953e-17,2.91038451117362e-18
"175",0.0882363870723621,0.43400441713221,1.00884408235586e-18,0.440005407634885,0.0377537881605427
"176",1.06224501421509e-17,0.768582675150355,0.0162817502718903,0.208921863946211,0.00621371063154385
"177",0.143811910654528,0.214820893589258,0.169552898004646,0.0639074273004255,0.407906870451143
"178",0.132303986556997,0.199985014728207,0.181653561009731,0.00876893372042932,0.477288503984635
"179",0.105755550481983,0.049656091691968,0.196383954279717,0.109432463813372,0.53877193973296
"180",0.0387542075791779,0.0753255297225013,0.000279495820850124,0.884410928671243,0.00122983820622763
"181",0.110548138662831,0.0869873852009998,0.216234899296462,0.061974069555569,0.524255507284138
"182",7.68828186602719e-18,0.418613195622019,0.000107450538482901,0.474962931044198,0.1063164227953
"183",0.238355873639703,0.362115312555779,3.10342910006173e-18,0.399528813804518,5.66835698070887e-19
"184",4.8462497169672e-05,0.312041318368517,0.0132734954705888,0.674548820851086,8.79028126389418e-05
"185",0.000436533619663992,0.880220721513006,0.119329634056089,1.13215762463984e-17,1.31108112410428e-05
"186",1.70247731588068e-17,0.730187491651289,6.11807800232682e-19,0.176055638577676,0.0937568697710353
"187",0.371447825499823,0.320335623133122,0.278856632247631,0.0293599191194232,8.1725711738858e-19
"188",0.0913815929210544,0.125851441601295,0.194907968367201,0.105871763725903,0.481987233384547
"189",0.177086751105007,0.665727313668553,0.146070768463521,0.0111151667629192,1.97744135795731e-18
"190",0.270691518599896,0.727630128726124,0.000801444623951462,0.000876908050029101,1.96587441552631e-18
"191",0.129125592466711,0.125039514571426,0.164790523839738,0.123853359390697,0.457191009731428
"192",0.349726519901182,0.268480943952001,0.139418246842566,0.24237428930425,6.66751435424532e-19
"193",0.207179257886346,0.683456676975804,0.0350520170613167,0.0743120480765336,1.76839697597643e-18
"194",0.283965119710894,0.129718532036768,0.0866805264161888,0.339618216815195,0.160017605020953
"195",0.486929254345525,0.0297264589094465,0.000203142580011757,0.345466386124557,0.13767475804046
"196",0.16656414453224,0.34482126746153,0.00877891193975347,0.479835676066476,3.09217976356751e-18
"197",0.175470065794068,0.0550786743381921,0.207771759897272,0.0430820649142388,0.518597435056229
"198",0.071387247003329,0.728955765741259,8.81942062591351e-19,0.0533861841296368,0.146270803125775
"199",0.141733655924237,0.464499875003676,0.121576018691962,0.00068704621710469,0.271503404163021
"200",0.000753589765147008,0.615477956556551,0.0267039875720237,0.357064466106279,4.72880346072755e-18
"201",0.1718370155418,0.507351635780929,0.0261606530944788,0.204572211314773,0.0900784842680181
"202",0.000140762836933791,0.998994864772781,0.000864372390284853,7.18375833230018e-17,7.85285394918249e-18
"203",0.189199872521838,0.546413540154241,0.107613821464438,2.1094237467878e-18,0.156772765859483
"204",0.001076628644743,0.246820398595217,0.347779950796559,0.0957757881607011,0.308547233802779
"205",2.32094769340133e-17,0.714060357091095,0.193824460696521,3.2610122372346e-18,0.0921151822123841
"206",0.048540662296375,0.403256073831636,0.0897128629267721,0.136129570104235,0.322360830840981
"207",0.0890067171944827,0.479699582402133,0.105634595708728,0.321478739778308,0.00418036491634791
"208",0.0435126617540132,0.628539985685922,0.0801129209683317,0.247834431591734,1.12137012275036e-18
"209",0.105139764834833,0.34533858217905,0.127061557227896,0.403865130370817,0.0185949653874054
"210",0.0571016896373711,0.145998169810167,0.167404897007345,0.150406398203572,0.479088845341546
"211",0.115874413707452,0.292300982777021,8.59192313123808e-18,0.591824603515527,4.03025322607553e-18
"212",0.225673417881551,0.0832346167634164,0.123218161079535,0.20736522665286,0.360508577622638
"213",0.276257113062787,0.663309713905696,0.0604331730315172,4.18895271126475e-17,8.04911692853238e-19
"214",0.0553460632724413,0.633674024596529,0.0835475204517337,0.0344385266078268,0.192993865071469
"215",0.150858997182971,0.274510735692785,0.136651810362006,0.151646477060648,0.28633197970159
"216",0.0469509071283681,0.9217510834555,0.0280260707657749,0.00213833436537145,0.0011336042849858
"217",0.330943931327802,0.28764409827155,0.125974018255811,0.0420853345271363,0.213352617617701
"218",0.279580772603875,0.62598148252918,8.99915486106603e-20,0.0907785792494509,0.00365916561749366
"219",0.135507933063782,0.483081325756325,0.079727903992654,0.0182599691810342,0.283422868006204
"220",0.00223332774180457,0.549831777699079,0.26778059428989,0.180154300269226,6.46237082663532e-18
"221",0.517325020796694,0.357105966738128,0.0468393391165732,0.0725303480790391,0.00619932526956594
"222",0.123393127001514,0.0320746364391426,0.194512554724141,0.113452618685744,0.536567063149459
"223",0.0201853131249436,0.866582772700544,0.00117474517206826,1.45597773536805e-17,0.112057169002444
"224",0.219364790206601,0.311722406780847,0.000344141328172768,0.433938098366186,0.034630563318193
"225",0.100374263074542,0.0773844104572269,0.197075549824169,0.0802412606335179,0.544924516010544
"226",0.0452986012022457,0.32089092161965,0.194863377767677,1.96936382369902e-18,0.438947099410427
"227",0.423342049664,0.287668658313199,0.0298514117175185,0.259137880305283,1.95520235335762e-18
"228",0.119530779061506,0.763593621412183,0.0648606950869205,0.0520149044393906,1.64473731303336e-18
"229",0.11819198027834,0.299311259659978,0.148800750423125,0.348110130478755,0.0855858791598025
"230",0.352645204833828,0.27853795452482,0.138397395000483,4.88498130835069e-18,0.230419445640868
"231",0.0369803966693115,0.285903230011532,0.188266108436136,1.41521123646481e-17,0.488850264883021
"232",0.159026636811628,0.736662045877193,3.5213449540957e-18,0.104031365553755,0.000279951757424234
"233",9.1029863281707e-17,0.999996853632137,3.29207635394238e-17,2.03648547683437e-17,3.14636786336266e-06
"234",0.0948844466051867,0.103997452896972,0.162999132725013,0.245776888811991,0.392342078960838
"235",0.0013643315113807,0.991039058605854,0.00565617426055234,8.87367219382687e-05,0.00185169890027509
"236",0.369093022672069,0.404326140490036,5.38590377223872e-05,0.215838137779935,0.0106888400202384
"237",0.0087331663935037,0.741564508307968,0.249702325298528,3.022232213708e-17,1.1897106588498e-18
"238",0.162121903386431,0.59291960694282,0.214739802574389,0.00459118539861534,0.0256275016977444
"239",8.80150198637835e-19,0.534690750416089,0.015104546586092,0.450204702997819,5.74197030560796e-18
"240",0.229853628212676,0.239990212494692,0.154315665417699,6.38378239159465e-18,0.375840493874933
"241",0.136619965879264,0.479565257514581,0.11423163291937,0.268095122145728,0.00148802154105667
"242",0.106767146173455,0.0398111598407141,0.196074755287353,0.112192755545152,0.545154183153326
"243",0.161045837717868,0.780373019344167,0.0585811429379652,3.33066907387547e-19,3.71969386929499e-18
"244",0.840521471093591,0.0556697715685636,0.00102547957607417,0.102783277761771,4.68421546803321e-18
"245",0.200278171543865,0.558094729639201,0.0244376304887954,0.217182318673129,7.14965501001322e-06
"246",0.484318764162325,0.0331309336462865,1.33836994719866e-18,0.420486926472251,0.0620633757191374
"247",0.311619025990905,0.583073396780218,1.7164041167545e-17,0.105307577228877,5.11778922874265e-18
"248",0.15316095348004,0.104416679007298,0.251596888889927,0.0628137759229874,0.428011702699748
"249",0.352537501824121,0.402556504766665,0.134644630681241,0.101259712216922,0.00900165051105065
"250",1.2273593072746e-18,0.745363656435344,0.237043231680901,0.0017786485742871,0.0158144633094687
"251",0.249871175050397,0.110681648826008,0.0931286011180015,0.203162070737456,0.343156504268138
"252",0.154768864526598,0.624618921767918,3.17489255932117e-18,0.21928778421274,0.00132442949274492
"253",2.27595720048157e-18,0.466357778750345,0.130211789384935,0.196033590432641,0.207396841432079
"254",0.0283986079874966,0.434230906406689,0.322298801576229,0.215071684029585,9.73554043825607e-19
"255",0.180425333916219,0.5360417655931,0.209388375757064,0.000458209243829133,0.0736863154897873
"256",0.0176023757847154,0.910603102274508,8.03465409270481e-18,0.0717945219407762,1.10152014875333e-18
"257",0.151379629122435,0.724401016273536,0.10864035083144,8.11685241375971e-18,0.0155790037725884
"258",0.461649533153413,0.538350466846587,1.06207651646707e-17,3.63469458082047e-17,1.07603783444529e-18
"259",0.00152231411282733,0.893831421275195,0.104646264611978,2.74028286059644e-17,4.48799335537768e-18
"260",0.0898154562760229,0.191826775011337,0.171930980266623,0.198256147782108,0.348170640663909
"261",0.114788489366738,0.036469466731486,0.189692408879729,0.166890608552275,0.492159026469773
"262",0.100718828690133,0.790229337557252,0.000181578578976362,7.14957526474396e-18,0.108870255173639
"263",0.119052757655606,0.411672505388761,0.254296215355528,0.214978521600105,6.93889390390723e-19
"264",0.0177732075616494,0.163220858088848,0.137407334326431,0.264422078206628,0.417176521816444
"265",0.369668618747137,0.290391689626793,0.12213407131931,0.217805620306759,4.2404330130846e-18
"266",0.102580562196684,0.115462821412799,0.173392407974123,0.0609807712196874,0.547583437196707
"267",6.39730073858939e-19,0.311372324753545,0.197276306714435,0.38283840635579,0.108512962176229
"268",0.361859255500663,0.599647443542328,0.000944755807520446,6.05481249552341e-18,0.0375485451494879
"269",6.21760872927777e-18,0.419577269225339,0.141917932464324,0.430397193093989,0.00810760521634816
"270",0.00402132167512196,0.961573544418344,0.000817817624945954,0.0335873162815884,2.02916495782711e-18
"271",0.186087414349807,0.106206397454526,0.0777785684120945,0.15070473366534,0.479222886118232
"272",0.010522178089053,0.52121612332453,0.00268425095714059,0.465577447629277,2.01098924700576e-18
"273",0.518692751453338,0.0368079721844192,2.58906421530139e-18,0.144836852709066,0.299662423653176
"274",0.242118094484067,0.0555015495889846,0.140084472592202,0.184120797973783,0.378175085360964
"275",0.57449368808273,0.0967680822914327,0.0588161948646153,0.269812752938025,0.000109281823196767
"276",1.42369650527149e-18,0.518131189752799,0.0553991779281812,0.425992015323541,0.000477616995478539
"277",0.226935120764636,0.413102713405371,3.47183428071635e-18,0.35957458351297,0.000387582317023043
"278",0.274723382769309,0.408272363573211,0.0295845852566063,0.197959412228798,0.0894602561720758
"279",0.0599824957078388,0.868409588072017,0.0106852547321175,8.86520572271293e-18,0.060922661488027
"280",0.260102984685389,0.281294232250129,0.20675829492484,0.0536095102037625,0.19823497793588
"281",0.10635460926181,0.0430723788722207,0.195820470651629,0.109595237487579,0.545157303726762
"282",0.131628369218756,0.112939306856874,0.165499326723022,0.112549710520771,0.477383286680577
"283",6.89227245086512e-18,0.658474858297977,0.225508905308212,0.116016236393811,7.35626727880823e-18
"284",0.0955684171126602,0.640923201727594,0.187634948022111,2.63693308605029e-18,0.0758734331376347
"285",0.0589002160117153,0.371169394938894,1.07667532988872e-18,0.459662053806598,0.110268335242793
"286",0.143589280774703,0.398510845613479,0.0912191292815981,4.01292371638273e-18,0.36668074433022
"287",0.156020206148996,0.432494514994277,0.00161243174065648,0.409872847116071,9.13975951777918e-18
"288",0.0154989928329333,0.766770226236873,4.63519945772498e-19,0.150842206600002,0.0668885743301922
"289",6.8135159096008e-18,0.649772705297813,0.106028831676253,0.128591138769038,0.115607324256896
"290",0.333737627361559,0.518906394671113,0.14685079260671,1.32369850602776e-17,0.000505185360617706
"291",0.0926811046389873,0.29123286057253,0.0258197394847243,0.218559542540621,0.371706752763137
"292",0.113159435220985,0.101878964937686,0.187756920402661,0.0816661623934967,0.515538517045173
"293",0.21280641667639,0.333999849583589,0.160544901128205,0.0164887013897786,0.276160131222038
"294",1.26835469806736e-17,0.965568177294907,0.0323422283288219,0.000181925291930209,0.00190766908434081
"295",0.129798090449597,0.625747011816843,0.234869969416359,0.00958492831720105,2.47208444823481e-18
"296",0.158749177044193,0.562794722458529,4.75531225870442e-17,0.278456100497278,1.72097576949876e-18
"297",0.142184827160629,0.41830780812662,2.80299052081382e-19,0.361897458717612,0.0776099059951382
"298",0.130007913812546,3.38809073400328e-05,0.0464738312523217,0.50333909964757,0.320145274380222
"299",0.144650991802691,0.75200454270691,0.1033444654904,2.20825812252991e-17,1.74827285322909e-18
"300",0.280102489423636,5.32907051820075e-18,0.113175335213423,0.302999027547936,0.303723147815006
"301",0.0058999352066518,0.960225671339483,0.0331634275232371,0.000284290567224398,0.000426675363403327
"302",0.0378561289051015,0.921689673228743,0.00606192774826869,1.22758761133266e-17,0.0343922701178867
"303",0.00029673417155816,0.408617790559208,0.208638419408253,0.382447055860981,5.97913570115782e-18
"304",1.94587841707648e-18,1,1.24818995276401e-17,1.78128457128444e-16,1.42752574621556e-17
"305",0.00970397459352776,0.902794789152861,4.15001110856856e-18,4.52281465600567e-17,0.087501236253611
"306",0.247756990864997,0.56781792203174,0.0661483106971197,0.0865293049796139,0.0317474714265293
"307",0.364456432281892,0.535380694069184,0.0994683098541236,1.47177524812151e-17,0.000694563794800962
"308",0.164200121265024,0.510789724044837,0.00101192976774564,0.0880276311067326,0.23597059381566
"309",7.41957710973518e-05,0.681212533924653,0.107692333806701,1.86798831278204e-17,0.211020936497549
"310",0.0532665665170799,0.207681993591997,0.0174482183814525,0.431509848306393,0.290093373203078
"311",0.367461997792702,0.603270346662318,4.2614056517495e-18,0.000812717456990566,0.0284549380879892
"312",5.10702591327572e-18,0.528929449549701,0.138192329896156,0.164721438753397,0.168156781800746
"313",4.95728243698203e-17,0.864409489038008,8.14723185155107e-05,6.80649083932978e-17,0.135509038643477
"314",0.140446009404547,0.059835727315206,0.175305154702265,0.212888021783921,0.411525086794062
"315",0.00927898575900513,0.874607090752049,0.0014320479338535,0.0412773089789764,0.0734045665761156
"316",0.125414591176108,0.0325847330451479,0.188080980323515,0.164649046419876,0.489270649035354
"317",0.177261452340326,0.535392195684505,0.120289243550834,0.0536448849190482,0.113412223505287
"318",1.49880108324396e-18,0.301677304447387,0.122781998881631,0.450911317656778,0.124629379014204
"319",7.04428958118912e-18,0.400940242189955,0.129895555662854,0.00112855794374904,0.468035644203442
"320",0.25886075576864,0.140789622956014,4.06346647132167e-18,0.467940708288663,0.132408912986684
"321",0.0268233807086916,0.723551858398398,0.0773372468120421,0.162013963926745,0.0102735501541236
"322",0.329391698443641,0.375865663832623,0.0467570244381081,0.247166943012416,0.000818670273212036
"323",0.134475237900187,0.665820214388157,4.92117214365406e-18,0.199685618930208,1.8928781448485e-05
"324",0.000510520851588626,0.577470828482637,0.333543347758396,0.0838894359150214,0.00458586699235722
"325",0.0747400824671675,0.266025921199155,0.239076912219433,0.260944533337825,0.15921255077642
"326",0.0404943786184126,0.616174591202136,0.00132022796405893,0.340921839340499,0.00108896287489345
"327",1.72084568816899e-18,0.60901822443639,0.184394802301673,0.150532081520177,0.0560548917417599
"328",0.230151761093256,0.20000393561694,0.0758981125287131,0.324097825183265,0.169848365577826
"329",0.597204185810072,0.0458537111314713,1.68903632632711e-18,0.242806249509196,0.114135853549261
"330",0.974880094388736,7.89072115938044e-17,0.000255591937791685,0.0248643136734725,2.2644666608133e-18
"331",0.188382237796147,0.48922014260237,4.42610568502555e-18,0.231050822096907,0.0913467975045755
"332",0.000354990640248016,0.816681135454474,0.00456834945782782,0.000612081894981036,0.17778344255247
"333",0.45647556116596,0.49231834508622,0.0512060937478203,3.36334342074397e-17,1.04868385461309e-18
"334",0.521754216889658,0.387643855760538,0.00187527220699354,5.43929433635467e-18,0.0887266551428108
"335",0.0450081564758095,0.570283026841505,0.0368240531884797,0.347744846041763,0.00013991745244282
"336",0.433210958693119,0.000368579639538846,0.140104116204523,0.352707268890652,0.0736090765721677
"337",0.420607821782612,9.37172467394547e-05,0.0361776860327512,0.523867399226582,0.0192533757113153
"338",0.00116207111570775,0.522206678957546,0.0933420881358923,0.00737121721265081,0.375917944578203
"339",0.0967537565849635,0.262289832106951,0.109704658980382,0.31911008444742,0.212141667880284
"340",0.121364221989921,0.0604589215246454,0.187238680200513,0.151018596497146,0.479919579787775
"341",0.142993359084381,0.109087415577288,0.140275623719418,0.219258851682047,0.388384749936866
"342",0.000217941340441364,0.182577716853664,0.244556926873986,0.215242879323442,0.357404535608467
"343",0.352864168776713,0.400921977473184,0.246213853750103,4.28930363419251e-17,1.111386843719e-18
"344",6.21731083837904e-18,0.185270296040058,0.186540081433124,0.118779640867063,0.509409981659755
"345",0.115264268281395,0.0895960728671917,0.196929778081819,0.099738985105644,0.49847089566395
"346",0.130395915778403,0.669706836277543,0.169365908252096,0.0305313396919575,1.62416980898406e-18
"347",1.29231559302555e-18,0.597203155833237,0.115016718689012,0.212284011106142,0.0754961143716086
"348",0.0864045037422855,0.579273547781197,0.244740431062708,0.0735552646704937,0.0160262527433154
"349",0.0191939285721325,0.501427945522585,0.00204452959206934,0.476851010619557,0.000482585693655629
"350",0.0209967763917213,0.837996780580024,0.141006443028255,2.13924435604175e-17,3.82270838895407e-18
"351",0.246387702499461,0.268185522113468,1.88737914186277e-18,0.266175447268109,0.219251328118962
"352",0.107326228241516,0.0400249203339311,0.195096022447566,0.110806467887804,0.546746361089183
"353",0.19014780562052,0.359478778018935,0.000496046417201621,0.420893249076104,0.0289841208672398
"354",0.211023541534474,0.200517374335491,0.181698242969075,0.093728294368709,0.313032546792252
"355",0.0334011851953038,0.352602569897145,0.155586360077031,0.45840988483052,4.12943363385691e-18
"356",2.71560886721535e-17,0.514972093944051,0.485027906055949,1.42997248031466e-17,1.37028954762965e-18
"357",0.285819835821259,0.515017920676015,0.0064318740373468,0.0957579180668497,0.0969724513985297
"358",0.298973812508503,0.201629091628095,0.326114926596905,0.141277281309678,0.0320048879568185
"359",0.354173803914451,0.391292362614207,0.236659386951985,0.0178744465193574,8.01355735103623e-19
"360",7.32747196252603e-18,0.32456475570554,0.148319996403162,0.167484181923288,0.35963106596801
"361",0.213628285392952,0.0540181135423831,0.0201106950620727,0.712242906002592,6.32379325113151e-19
"362",0.312227047341938,0.554170741123681,0.0633256796505554,2.01906454305635e-18,0.070276531883826
"363",0.033633764030562,0.737725782125332,0.000633607087697617,0.0312534143750811,0.196753432381327
"364",0.253016283445505,0.369623505797459,0.0963689384836779,0.077711546804503,0.203279725468855
"365",0.117076849086153,0.0372892443514774,0.197511931396265,0.102131073601029,0.545990901565076
"366",0.177389711565643,0.306521400208878,0.19810762396645,0.257392062212802,0.0605892020462275
"367",0.324772978678852,0.515785685333145,0.159424500599514,2.50644033058226e-18,1.6835388488644e-05
"368",0.000180045842016819,0.00013733436002373,0.00376111697958326,0.995921502818376,5.32569538411511e-18
"369",0.159432077136527,0.815323101254005,0.0087598862526866,0.000809906188164211,0.0156750291686175
"370",0.240336456570717,0.520063948514569,0.161367165408172,0.0769692949774626,0.00126313452907902
"371",0.205437484165068,0.175208263021971,0.262161332656845,0.199815903204403,0.157377016951713
"372",0.0013758695926509,0.948116819980132,0.0505073104272169,1.08002407750209e-17,6.15882922437155e-18
"373",0.372329207087125,0.496759913597114,0.130910879315761,1.709636557005e-18,4.86026919712238e-18
"374",0.177956248482544,0.755464441738202,0.0580328283429677,1.0451032248889e-17,0.00854648143628587
"375",0.328912537080292,0.146227569022864,0.257907423069103,0.263555936407904,0.00339653441983761
"376",0.0969431026171067,0.321315693851903,0.000789472729657496,0.580951730801333,1.93876309836186e-18
"377",0.117456138887383,0.0933749485540272,0.161594541276024,0.197520345116412,0.430054026166153
"378",0.0605332013542205,0.664698383736108,0.166225228160241,0.108289080850144,0.000254105899285755
"379",0.270967121894659,0.728972448428185,8.41685484859925e-18,6.6708699008191e-18,6.04296771561722e-05
"380",0.0230169585955792,0.528992352757677,0.0714161929951253,0.14361085527035,0.232963640381268
"381",0.091806273946342,0.22446765683549,0.221213123928191,0.0152693063491105,0.447243638940867
"382",0.365256610721839,0.546636852722088,0.0879214879249981,2.29444755321803e-18,0.000185048631074322
"383",0.000290068805788979,0.995653709111589,7.12677322887137e-18,0.00405622208262162,9.74216772403513e-18
"384",0.101075297660104,0.0412141499810009,0.186702330824894,0.124491881226919,0.546516340307083
"385",0.320548563618433,0.302168003138227,0.297029755432622,1.9999825117279e-18,0.0802536778107175
"386",0.100806841690238,0.37799119089677,0.168728599499902,2.58497555893016e-18,0.35247336791309
"387",0.0632805876112055,0.280912218522698,0.0333773319634285,0.31256846856618,0.309861393336488
"388",0.005484472240637,0.538130939416381,0.231574033114785,0.224810555228197,6.18802974060131e-19
"389",0.227672174614692,0.188875387192596,0.0477435861166943,0.235637962503633,0.300070889572385
"390",0.0817252184964845,0.355594930760661,0.0468823335156591,0.515797517227195,4.08364442135081e-19
"391",0.000857172351601034,0.999142827648399,1.15584838296787e-17,2.02528236249765e-17,1.48701122229674e-18
"392",0.143669841633774,0.615930505054663,3.30741720323818e-18,0.238414323835937,0.00198532947562709
"393",0.192202966823349,0.288695798417944,0.0274139386121398,0.491687296146568,1.13994451744421e-18
"394",0.0567250913941296,0.0873837141778214,0.20702268202578,0.182670284776042,0.466198227626227
"395",0.485042591056864,0.299379616780646,0.109248966182315,0.0219090810995311,0.0844197448806447
"396",0.207966608485354,0.154428034803828,0.0742479964528864,0.297290975919443,0.266066384338488
"397",0.0324241472658254,0.860983332629106,0.0934237127895068,0.00241343517908448,0.010755372136477
"398",9.34379003419574e-19,0.77920398935203,0.036056271627482,0.123111481307911,0.0616282577125774
"399",0.171604553201636,0.625339743360923,2.75285994751329e-18,0.20305570343744,1.18521529794477e-17
"400",0.598372182638239,0.0841281437149717,0.000113404942002466,0.191221654717743,0.126164613987044
"401",0.000253274217255609,0.507957927971869,0.0871572874261485,0.296967637214203,0.107663873170523
"402",0.0216293617949675,0.513899864588984,0.10499435394341,0.359454654681892,2.1764990746476e-05
