"","V1","V2","V3","V4","V5"
"1",2.22254243767212e-18,0.314128385360572,0.0813078745655521,0.286450465550732,0.318113274523144
"2",3.61048802283047e-18,0.767322778873089,0.232317417553624,0.000359803573286785,1.04755221265895e-17
"3",0.212355292261655,0.632880594924046,0.130864179249866,4.25820796821874e-18,0.0238999335644332
"4",0.0738854342014943,0.522688346318706,0.00917295442736312,0.264457327782623,0.129795937269813
"5",0.0987692828709896,0.112646146959991,0.212645889791667,0.0445404482110073,0.531398232166345
"6",0.4494425362367,0.474782057681404,0.00396520880011584,0.0365219437289601,0.0352882535528201
"7",0.000236285159682493,0.616883848342904,0.00314288510739295,0.37973698139002,3.29094452032455e-18
"8",0.0162464956004333,0.478764595786804,0.0882075253696145,0.353185710887473,0.0635956723556751
"9",0.178063269837705,0.600869513853341,0.220963578433816,1.01397552324158e-17,0.000103637875138376
"10",0.303491276971525,0.455171637133885,0.00165789396464944,0.122369780053033,0.117309411876907
"11",0.00137906001365154,0.454495415187739,0.00130297114143924,0.54282255365717,2.06905074162087e-17
"12",0.000107603014215231,6.47961511722104e-17,0.303994584820888,0.695897812164897,3.62074810282947e-17
"13",0.0571668658686567,0.467174049193728,0.199789163098975,0.134739912073298,0.141130009765342
"14",0.211872090080207,0.0181107724149912,0.149875472623153,0.169256562626128,0.450885102255521
"15",0.147881436265769,0.0506792198356181,0.149721991667117,0.172291122466382,0.479426229765114
"16",0.110359522157795,0.0389447944924116,0.195393126736709,0.11133690977535,0.543965646837734
"17",0.00429863121125743,0.359506443364176,1.00445278349351e-17,0.636194925424566,4.70886493952801e-18
"18",0.113615912357219,0.313126301413541,0.209576890576729,2.1094237467878e-18,0.363680895652511
"19",0.051628406305486,0.372098534822062,0.0142293892789613,0.013208801970122,0.548834867623369
"20",0.172793920921794,0.228419279952371,0.146480124296568,0.0875687635156343,0.364737911313633
"21",0.434975354288197,0.516959429357939,0.00737284365947566,0.00220626447275014,0.0384861082216386
"22",0.121134222877884,0.832292261474778,0.000320731337754435,0.00338860458365593,0.042864179725928
"23",0.170133655438735,0.283377358442226,0.00212399480966419,0.544364991309375,6.72051104690237e-18
"24",0.0976159795679968,0.816634182987507,0.000246166910696685,0.0855036705337992,4.62685186113555e-18
"25",0.0150819086783303,0.604251722746665,7.43758864088075e-18,0.162824156457779,0.217842212117226
"26",6.48333239337812e-19,0.833384595909654,0.141604701301887,5.98863704709055e-17,0.025010702788459
"27",0.188162760254667,0.38523024261879,4.13198758900929e-18,0.426036423532551,0.000570573593992917
"28",0.210105012479334,0.200145312640353,0.16015428868342,0.0252177623517496,0.404377623845143
"29",0.090995755511616,0.773471550041796,0.119190438996008,0.00121531345047322,0.0151269420001071
"30",0.11094993286608,0.04549180712319,0.197071499553678,0.108903861542187,0.537582898914865
"31",0.162345185950227,0.781791753442994,0.00955932604226628,0.0463037345645131,6.16780681638609e-19
"32",0.115408577785535,0.349109829364478,0.106544071963198,9.10382880192628e-18,0.428937520886789
"33",0.110631961338441,0.216155592758807,0.145466751631314,0.0712748030655896,0.456470891205848
"34",0.00737903026019964,0.0601490485310876,1.80041404329923e-18,0.748362231583889,0.184109689624823
"35",0.0659864644308158,0.586993473968016,8.87029062475068e-19,0.202324474171134,0.144695587430035
"36",0.502898789403185,0.127270996740967,0.0242747856541994,0.345555428201649,8.17827042313585e-19
"37",0.108845480400976,0.176293276959924,0.15856348562356,0.0987215355507827,0.457576221464758
"38",0.445669085049693,0.405050758088276,0.0441868163366101,0.105093340525422,5.2659386374486e-19
"39",0.0292070834839032,0.522597922248081,0.117336210094,0.300605397327127,0.0302533868468888
"40",0.380364056474334,0.546447017606445,6.50337246180652e-18,0.0731062435148144,8.26824044066694e-05
"41",0.121047715269175,0.0332473806020175,0.202184567638882,0.10581177335927,0.537708563130656
"42",0.00582603993779012,0.232337824078157,0.21551769443743,0.100559734035196,0.445758707511428
"43",0.389038318186503,0.284774747346607,0.0150710410558618,0.297924234098232,0.0131916593127966
"44",0.237155803982829,0.518486981160194,0.00164479159979826,7.12277113192742e-18,0.242712423257179
"45",0.419301499974154,0.125555587238659,0.0970259522285141,0.184484657960939,0.173632302597734
"46",0.121084559421951,0.442461879564481,0.00703799762860251,0.429415563384965,2.05140760987501e-18
"47",0.0337847469103187,0.724368782356165,0.241846470733516,2.6631934835887e-17,2.95806800608383e-18
"48",0.403871823898764,0.0569693448680821,0.154325235796615,0.0970256315789454,0.287807963857594
"49",0.238019261320239,0.0663724572094904,0.0113555816819733,0.660039806579673,0.0242128932086234
"50",0.058563447909631,0.41652284458212,0.158650886528407,7.1423340110892e-19,0.366262820979842
"51",0.0150309163823558,0.574419760156764,0.00176534507565954,0.399851217948073,0.0089327604371476
"52",0.287683976669091,0.207602642994487,0.0871552425916289,0.417558137744793,7.71136926330768e-19
"53",0.243546132775936,0.441823599306332,0.0551083524322179,0.140663842974127,0.118858072511387
"54",0.0107816614720341,0.434957521704545,0.329048876358172,0.133552489677859,0.09165945078739
"55",0.141796230851288,0.379871485963231,0.112043216120927,0.120026376756211,0.246262690308344
"56",0.104329488578649,0.462137178523364,0.168660922998756,2.00851888890585e-18,0.264872409899232
"57",0.000105138588462397,0.999894861411538,1.35154334643535e-17,2.20777091274474e-17,1.66961883550437e-17
"58",6.59561823984058e-18,0.600113184350192,0.00726963736912586,0.389723726251093,0.00289345202958943
"59",0.105646152773241,0.385059605501843,0.000102620227059304,0.15679785787973,0.352393763618127
"60",5.01081594684296e-18,0.353608893676214,0.00155141768304245,0.411819382553331,0.233020306087413
"61",0.0525675482090248,0.404307733828955,0.00534724414685817,0.268962115068657,0.268815358746505
"62",0.0373452096869265,0.706712855594512,0.255941934718561,4.78186503067937e-17,3.79097501116949e-18
"63",0.256188068195428,0.422989258930776,4.30211422042248e-19,0.232503526360274,0.0883191465135218
"64",5.71336958277388e-05,0.843100200221983,0.115202410817647,0.0416402552645425,2.68625700431785e-18
"65",0.387823300657262,0.47753203849504,3.62729212582346e-17,0.134644660847698,2.17011342531875e-18
"66",0.132546194066123,0.183486988453494,0.100305452451929,0.179652387983349,0.404008977045106
"67",0.000126143767474155,0.836677872322896,0.00294039371818438,0.120732800896586,0.0395227892948592
"68",0.000308797299801643,0.813166951928702,4.25123317904652e-18,0.186524250771497,1.51655228805737e-18
"69",0.18497790898287,0.326376964280286,0.0367203511413893,0.451670784187994,0.000253991407461648
"70",0.0652152352007828,0.610853077772861,0.0580289828944934,0.265902704131863,1.01154443586414e-18
"71",0.095435754971076,0.470123026218461,0.163614243231097,3.31905155768343e-18,0.270826975579367
"72",0.458888520616752,0.235119564019992,2.61917984049656e-05,1.85101820363958e-17,0.305965723564851
"73",0.0123344596589068,0.184587382687046,0.164576375928371,0.233779090420648,0.404722691305028
"74",1.53376794623524e-18,0.907147125073275,0.0101095354033933,0.048832823380103,0.0339105161432288
"75",0.00196474598292843,0.209306492128981,0.195583228546962,0.456865516618843,0.136280016722285
"76",0.734505184869789,2.40914579996978e-17,0.029852450050506,0.235642365079705,4.4801613209163e-18
"77",0.00133426244617416,0.357326278022531,5.92086744637616e-18,0.641339459531295,1.28423081101282e-18
"78",0.347168376535866,0.489642829106772,0.000102976974657399,0.158762676373007,0.00432314100969817
"79",0.141221649423761,0.265157337595124,0.0663624565580255,0.16106573079644,0.366192825626648
"80",0.00818354339565382,0.405311205026901,0.084980846121512,0.147743397409631,0.353781008046302
"81",0.441285573607697,0.44922930190326,0.105165552026789,1.25143421852787e-17,0.00431957246225359
"82",2.38362215989309e-17,0.705742772301326,0.16340998721022,0.113184612562734,0.01766262792572
"83",0.298212851129577,0.606495537627302,0.00304299071312662,0.00234491305271899,0.0899037074772756
"84",0.227392226770205,0.324660372903711,0.0101831261063655,0.437764274219718,6.36348572978671e-18
"85",0.275171617419092,0.478251825631925,1.08721518141907e-17,0.0609641034152467,0.185612453533737
"86",0.0973049903764294,0.869705890836515,0.00118119710143398,0.018550322459088,0.0132575992265334
"87",0.203613687036168,0.194853808723036,0.262672034259532,3.5527136788005e-18,0.338860469981264
"88",0.109432028890253,0.327408403089072,0.000901256580955584,0.252856870436011,0.309401441003707
"89",4.06526200428944e-18,0.749979898489504,0.117773385089313,0.123968852468944,0.00827786395223831
"90",0.103408349534375,0.335269354236128,0.185503863378795,0.00040568847156251,0.37541274437914
"91",0.000530914116754867,0.387129947044739,0.0719817846538193,0.160028651162462,0.380328703022225
"92",0.041682915664159,0.187567066868074,0.181625197432489,0.164590442916436,0.424534377118842
"93",0.21207112988413,0.22827064383138,0.00186715120494303,0.155091837659499,0.402699237420048
"94",0.000106391245254107,0.0908520672511008,0.0545520277192252,0.550383968650224,0.304105545134196
"95",1.04923392753236e-18,0.381885885118817,0.195795329747894,0.374068592315433,0.0482501928178564
"96",2.24156327076421e-18,0.150726249342748,0.0167135259448422,0.466942730097558,0.365617494614852
"97",1.12139492937358e-16,0.611358503903544,1.2114277371474e-17,0.388641496096456,9.43689570931383e-19
"98",0.0212272630953267,0.459326108774039,6.83602626067505e-18,0.514714939048076,0.00473168908255803
"99",7.51350763430076e-18,0.653637486924133,0.255413617259434,7.13039509093648e-05,0.0908775918655242
"100",4.47240574363152e-18,0.964696383260295,0.0226919508566531,1.49621301384892e-16,0.012611665883052
"101",0.117313898428144,0.226743695959268,0.373173743304041,0.282768662308548,8.60422844084496e-19
"102",0.801830683668335,0.196567570268086,0.00116536616150692,3.07038363001692e-17,0.000436379902071421
"103",0.338830627231783,0.500844014105162,0.0045214966946194,0.115642216241189,0.0401616457272466
"104",0.109222993906053,0.775772893838088,0.115004112255859,9.99200722162641e-19,3.53035100022853e-18
"105",0.612713278383124,0.248800903089294,0.138247815349708,0.000238003177873825,1.44150259561157e-18
"106",0.254948790236294,0.341179140026002,0.135623321360031,0.268248748377672,1.33226762955019e-18
"107",0.0192190523999879,0.502506573498942,0.133982178406223,0.150638949712231,0.193653245982617
"108",0.151018420529931,0.0868315494327307,0.177391474284873,0.106177370423261,0.478581185329204
"109",2.03718094554452e-18,0.562865121664932,1.62190056801352e-17,0.437134878335068,4.97498629061567e-17
"110",0.138033950864716,0.420316359187159,1.80411241501588e-18,0.11932396977795,0.322325720170175
"111",0.297691982342182,0.411262658846642,0.131509011357457,0.105122983013439,0.0544133644402795
"112",0.123291789309819,0.73677945524866,0.115600988372604,0.022577365118,0.00175040195091708
"113",5.12842177958045e-18,0.126491439472338,0.0439993044301112,0.826429701003626,0.00307955509392441
"114",0.0188564072742937,0.312832265116728,0.0678522231015078,0.59619766519497,0.00426143931250091
"115",0.16204352603946,0.235982733521081,0.107292730736327,0.304715787415168,0.189965222287963
"116",0.0858322393310854,0.229778313517866,0.107111828211974,0.164511923129818,0.412765695809257
"117",0.434562588323451,0.559994674801949,1.0866630837099e-17,9.6527980717052e-06,0.00543308407652822
"118",0.000806639570269482,0.483857571866072,0.0990221533612666,0.415280914440469,0.00103272076192278
"119",0.00229860848372531,0.735892873147063,0.11806965035686,7.60487051271433e-05,0.143662819307224
"120",0.0906487908456552,0.0881066548703928,0.190101522493077,0.106527965838298,0.524615065952577
"121",0.124077531009125,0.0411526127389161,0.195570160392875,0.11135986987886,0.527839825980223
"122",0.000198056493442005,0.998913273450854,1.50629512041618e-17,0.000888670055704232,3.53496188305498e-18
"123",0.166214003230943,0.293295085597017,0.273104895375437,0.00791105674448243,0.25947495905212
"124",0.0848525944557409,0.0290381247780958,0.177648911185511,0.707903685875446,0.000556683705206227
"125",0.00288350100346965,0.356140680408063,0.161652623702751,0.477124835307829,0.00219835957788787
"126",0.215454071866834,0.127682127932867,0.0583426516659975,0.215948138217196,0.382573010317105
"127",0.297379502239647,0.0808478002648612,0.342113900185589,0.27097616048083,0.0086826368290718
"128",0.0986495992416109,0.0709869856064921,0.196480828569766,0.155895871096169,0.477986715485962
"129",0.134128658617054,0.778610428616824,0.0866918209570988,4.65445935520553e-17,0.000569091809022668
"130",0.166313945163727,0.328041125934619,0.00824023108040387,0.239452356539983,0.257952341281268
"131",0.154970115775248,0.00872467378385048,0.176764472713766,0.295294787357362,0.364245950369774
"132",0.000156802597290434,0.411026482904996,5.26068360534714e-18,0.414244197074992,0.174572517422722
"133",0.126236881498731,0.690001584228449,0.154816483949386,3.67343090862277e-18,0.0289450503234331
"134",0.184189965641016,0.339454098639701,3.65608801602935e-18,0.0525472269303231,0.42380870878896
"135",0.200093554149712,0.705147588532312,0.0419392804650127,0.0387344380392189,0.0140851388137446
"136",0.109122347377065,0.0388799368987507,0.195911699049143,0.111413777458678,0.544672239216363
"137",0.0369510143134759,0.88433455468545,2.32157776889909e-18,0.0787144310010746,7.52296021293083e-18
"138",0.198364663609476,0.53382567521561,0.266794154844742,0.00101550633017148,1.61275435347365e-18
"139",0.078038989303749,0.85483734020459,0.000752613781217087,0.05966160708548,0.00670944962496376
"140",0.104052676065432,0.404705294607979,0.118368139137732,0.0040643960191263,0.36880949416973
"141",0.143287882918587,0.703007723517131,0.0262528406080429,3.83058610647989e-18,0.127451552956239
"142",0.466901858452983,0.531489856340152,1.07013813925667e-17,0.001608285206865,7.4810263256504e-18
"143",0.168913464267164,0.205137502412935,0.117843212857435,0.0993088727086983,0.408796947753768
"144",0.117850142663626,0.0734129778685071,0.173973178156936,0.111558069728992,0.523205631581939
"145",0.144146279820477,0.802548996111113,4.11194812746235e-18,0.00138613089930076,0.0519185931691101
"146",6.44204190245143e-18,0.616107568755973,0.0904538585819898,0.293413208312807,2.53643492299195e-05
"147",0.0912050451930188,0.234063158603867,2.44939389992237e-05,0.558118686395012,0.116588615869103
"148",0.254405624448881,0.54293786345978,0.00248943318707842,0.200167078904261,2.47571286349723e-18
"149",0.100604819725583,0.0761303572885477,0.186657283199673,0.0960121847712601,0.540595355014936
"150",0.419587816438385,0.457844106575166,0.000223708196340215,0.122344368790108,4.5195031820036e-18
"151",0.0173741891075146,0.781798166758052,0.181329479772994,9.62515642159728e-05,0.0194019127972226
"152",0.111031985830201,0.295817554289706,0.278553119105537,0.305717713439345,0.00887962733521099
"153",0.000175039409798337,0.721482196635864,0.191377810885373,0.0500270747995929,0.0369378782693715
"154",0.297730274248067,0.435483712571846,1.61323512587821e-17,0.200033670995489,0.0667523421845984
"155",0.0611947465868194,0.7612565340462,0.159595273106339,0.00180873968113088,0.0161447065795104
"156",0.422741760861783,0.449386410134274,7.20265317829887e-18,0.127871829003942,5.91373042521655e-19
"157",0.270085422213848,0.696603198975153,0.0108037206269835,1.35974198164972e-17,0.0225076581840154
"158",0.00863501744809685,0.651645891347863,0.0474505778371935,0.168693894708429,0.123574618658418
"159",0.354482694637688,0.0207220294070366,0.104483306819152,0.512350195674172,0.00796177346195168
"160",0.180557534940619,0.399352195312201,0.166858449877934,0.00024072477371577,0.252991095095531
"161",0.350096143891306,0.483865477166808,0.165777255378529,8.79312532202933e-05,0.000173192310137894
"162",0.000113640491857292,0.460903197656005,0.228747621612407,0.0191926090596609,0.29104293118007
"163",0.197196777463923,0.000282275373889336,0.229174393510016,0.106510136650631,0.466836417001541
"164",0.316746101207401,0.60193022790745,4.34928372269137e-17,0.0813236708851482,7.91363964811369e-19
"165",0.494916755950092,0.171413420044216,8.32596352120873e-19,0.283306395839307,0.0503634281663851
"166",0.173917533566801,0.518934940067054,2.40088584384259e-18,0.0474326933639526,0.259714833002193
"167",0.0213936475477579,0.715243580679627,0.00938302780399434,0.185367964822592,0.0686117791460286
"168",0.063420409716749,0.433066429570697,0.166651365588975,0.166738707764147,0.170123087359432
"169",0.284402935787222,0.363128494966494,0.024123843600815,0.138091115601512,0.190253610043957
"170",6.33658056634234e-17,0.966446314140592,0.0266467455409604,1.92399445303253e-18,0.00690694031844797
"171",0.0138253462946362,0.542373364463012,0.30809099799379,0.00420499067819489,0.131505300570366
"172",0.288717505394896,0.519166003428095,0.191438802568919,7.83598326935432e-18,0.00067768860808929
"173",0.1662185798841,0.768501516471997,0.0112389269441769,0.0535066999731359,0.000534276726590382
"174",0.188248451496935,0.811750874302563,6.74200502514456e-07,5.73382626619349e-17,2.95629227099869e-18
"175",0.0913081052384485,0.424963730325177,1.03777529350989e-18,0.446660421797709,0.0370677426386662
"176",8.50920626938323e-18,0.769477635909972,0.0160858776336533,0.206123182725504,0.00831330373087074
"177",0.142551146908383,0.221145926283613,0.169107640295216,0.0610565022576037,0.406138784255184
"178",0.136539231596188,0.195878251685384,0.182355260070035,0.00742347976176555,0.477803776886628
"179",0.105969869205675,0.0486996270833212,0.196299412540042,0.1096652871564,0.539365804014562
"180",0.0486181717035378,0.0666758035594422,0.000228696935240289,0.883766164189283,0.000711163612496989
"181",0.110320857078117,0.0878026268667737,0.214752284399538,0.0625432100084797,0.524581021647091
"182",8.76696546683936e-18,0.417432406128408,6.42434078740901e-06,0.473764787011849,0.108796382518956
"183",0.240146296159652,0.365046292738487,3.44986811839509e-18,0.394784983038953,2.24280629078463e-05
"184",0.000354890770361727,0.311717050882787,0.0143020214783195,0.673516319438862,0.00010971742966977
"185",0.000138455066499234,0.87872677638418,0.121096921407143,1.25025021859211e-17,3.78471421777186e-05
"186",1.79094126916683e-17,0.73595851661637,7.49645207099187e-19,0.172744405030762,0.0912970783528677
"187",0.370909453893823,0.323908544333604,0.278415011760297,0.0267669900122769,1.11600151929353e-18
"188",0.0921948213114755,0.121049637076178,0.194981311210947,0.108556367292461,0.483217863108939
"189",0.174610826592737,0.664739261649693,0.148139081840364,0.012510829917206,2.63460550372297e-18
"190",0.276468390464155,0.723005765051415,0.000450253223820023,7.5591260610402e-05,2.37768797028142e-18
"191",0.128956019833252,0.126995209581323,0.164034644172629,0.124500966271299,0.455513160141497
"192",0.35626633904888,0.260492149811004,0.137605597060355,0.24563591407976,7.49400541621981e-19
"193",0.204450566115649,0.685282228898916,0.0352490743456448,0.0750181306397904,2.1487768459366e-18
"194",0.293992508934749,0.120100574882669,0.102194525196878,0.318539995040568,0.165172395945136
"195",0.495125170117359,0.0258817178033314,0.000613507345267065,0.343586915262523,0.134792689471519
"196",0.167651874575151,0.347891959653077,0.0112270725145003,0.473229093257271,3.50371641982768e-18
"197",0.175316975816239,0.0567884094673642,0.207104359668246,0.0416071211110705,0.519183133937081
"198",0.0733948344844586,0.733311505577874,1.08012808069457e-18,0.0451422570764812,0.148151402861186
"199",0.144222522860697,0.46257892895069,0.12042439631163,0.00105403852246277,0.271720113354521
"200",0.00137695643481399,0.592484031357504,0.0291106400067057,0.377028372200977,4.31496654580348e-18
"201",0.177369299592421,0.49955954502549,0.027930415617075,0.202925706827914,0.0922150329370993
"202",5.80718876327895e-06,0.999703400999609,0.000290791811627368,7.73515212957404e-17,8.06667356320202e-18
"203",0.193818803713883,0.542952199487336,0.10491588949326,2.55351295663786e-18,0.15831310730552
"204",0.000472196968427812,0.249192710971503,0.345677068170649,0.0944450786618826,0.310212945227538
"205",2.57846123511351e-17,0.721286208430617,0.182759246410428,2.71231399039688e-18,0.0959545451589549
"206",0.0491174291341429,0.405348942433287,0.0882183677526085,0.136751785696771,0.320563474983191
"207",0.093136454467884,0.481368315384478,0.0960364554267953,0.325490936163221,0.00396783855762212
"208",0.0443796187205273,0.62739734526045,0.0783964001915799,0.249826635827443,1.23081624339708e-18
"209",0.102474295354565,0.352544658114639,0.129089515295409,0.396592788495434,0.019298742739953
"210",0.0576456059201592,0.146642730113016,0.166731025834631,0.152991135226793,0.475989502905401
"211",0.116997096680714,0.287131363480271,8.63081940157011e-18,0.595871539839016,3.43198556994668e-18
"212",0.228055434626557,0.0831407641811172,0.122351704068492,0.208740656566051,0.357711440557782
"213",0.280021263413003,0.659274476132784,0.0607042604542134,4.44948994859649e-17,1.16723894302223e-18
"214",0.0481540911815684,0.644946433759606,0.0867487777067345,0.0355154636901753,0.184635233661915
"215",0.150561146577665,0.275070148879414,0.136524998536083,0.152653511493857,0.285190194512982
"216",0.0478715031259072,0.919190402809923,0.0280755020034779,0.00328660708607706,0.00157598497461518
"217",0.331396895251764,0.287651485273965,0.124092126716537,0.043837909880594,0.21302158287714
"218",0.279851555533907,0.626985485159476,1.04019137812836e-19,0.0903510172137066,0.00281194209290992
"219",0.130859452794219,0.489521472046298,0.0752129629008783,0.0208317340532666,0.283574378205338
"220",0.00229320017764853,0.554218083915019,0.267462480107563,0.176026235799769,8.48280829287094e-18
"221",0.518440289134355,0.350930323452062,0.0485002246231472,0.0781342658861078,0.00399489690432766
"222",0.122148086099663,0.0300992896311601,0.196196404654991,0.11183338096669,0.539722838647495
"223",0.0127648943075767,0.872053751332692,0.000884130266654427,1.55344281229731e-17,0.114297224093077
"224",0.215526319271266,0.316013845831757,0.000539831972557552,0.432791538422692,0.0351284645017272
"225",0.093562728251476,0.0869021649487364,0.194903974521883,0.0763593213123621,0.548271810965543
"226",0.0451687243975703,0.322560441023889,0.195096197999277,2.09903434784624e-18,0.437174636579264
"227",0.421067059619863,0.284623555521671,0.0298236943515524,0.264485690506914,2.4554191449954e-18
"228",0.120373363175208,0.761910187575851,0.0664166632786704,0.0512997859702711,1.89911338808542e-18
"229",0.11928291526331,0.30337312762389,0.149876286504938,0.340995397013567,0.0864722735942946
"230",0.356042016805022,0.278776401602108,0.138849347027409,6.66133814775094e-18,0.22633223456546
"231",0.0354988256662811,0.285660916929992,0.187571278161476,1.0457582691485e-17,0.491268979242251
"232",0.163860923905116,0.73473369553026,3.4713378120162e-18,0.101001527691473,0.000403852873151239
"233",8.19260530544267e-17,0.99998170412615,3.35648734941831e-17,1.7714200350816e-17,1.82958738502735e-05
"234",0.0957991201701681,0.103434648051886,0.16273989934039,0.244743680295466,0.39328265214209
"235",0.000600665235407093,0.992126767081945,0.00493838109601183,2.37900153432191e-17,0.00233418658663608
"236",0.353554577489619,0.410575009819414,8.47603089274425e-05,0.223429546287389,0.0123561060946512
"237",0.00893263010851185,0.742231674470584,0.248835695420904,3.04085586193684e-17,1.21361305615713e-18
"238",0.158094418870822,0.596271238077036,0.215035234365079,0.0044109769819756,0.0261881317050881
"239",6.90283990211265e-19,0.534004404487334,0.0160203821072907,0.449975213405375,5.59160058837834e-18
"240",0.22791422218245,0.238425664535959,0.158283258932874,3.88578058618805e-18,0.375376854348718
"241",0.136048533171011,0.481806831219628,0.114040156107277,0.267453115344002,0.000651364158081211
"242",0.106817498598918,0.0402741992073281,0.19598931624592,0.111922730761265,0.54499625518657
"243",0.161008101502671,0.780060904523507,0.0589309939738227,4.16333634234434e-19,3.49975586648733e-18
"244",0.822983936168413,0.0716391888947404,0.00256867236375613,0.10280820257309,4.44568219636868e-18
"245",0.203343918899539,0.562332313067574,0.0228417888139687,0.211481979218918,1.02312500737285e-18
"246",0.483449034182747,0.0326265217326943,1.1442038840625e-18,0.422095455275467,0.0618289888090923
"247",0.315261829113051,0.588833889179252,2.16777488821027e-17,0.0959042817076976,5.19529584761899e-18
"248",0.152708128648262,0.102474487245502,0.253920577896343,0.0628800004431207,0.428016805766772
"249",0.363564471294028,0.398574450617894,0.127409193198842,0.098320879106446,0.0121310057827893
"250",2.40623667700683e-18,0.747388823165515,0.234421958655551,0.00285083018825901,0.0153383879906747
"251",0.249745501827646,0.108343645205826,0.0923427623369775,0.203878192192996,0.345689898436554
"252",0.155612645796014,0.6254582395747,3.66484455303317e-18,0.216577245890955,0.00235186873833081
"253",1.99840144432528e-18,0.466100845167975,0.129365435431119,0.195313834956597,0.209219884444309
"254",0.0296978970047217,0.433786569139951,0.321289303123409,0.215226230731919,1.9762576005787e-18
"255",0.177355360418141,0.538597903174934,0.210596766335933,0.000625463673281175,0.0728245063977108
"256",0.0217265317224256,0.901515163906883,8.80516654070726e-18,0.0767183433151523,3.99610555392743e-05
"257",0.156307715409858,0.72073490229722,0.108173259338184,7.65509474907634e-18,0.0147841229547378
"258",0.468643125852043,0.531356874147957,1.11522971718088e-17,3.70578275676018e-17,7.82344246976343e-19
"259",0.00148253216960392,0.893684231166637,0.104833236663759,3.07112398903769e-17,3.96120436517777e-18
"260",0.0898125333764387,0.191260502115392,0.172553643230404,0.197035632232103,0.349337689045663
"261",0.114577180263924,0.0353274320237176,0.189895106581101,0.166025289129345,0.494174992001912
"262",0.101715561519375,0.793873895194234,3.88307568892305e-18,8.04738773949283e-18,0.104410543286391
"263",0.118997909006757,0.409786968438743,0.254972759496111,0.21624236305839,4.57966997657877e-19
"264",0.0181486161665937,0.167768556566419,0.131617092534465,0.269327128128024,0.413138606604498
"265",0.372239467756236,0.284966515185719,0.121720495260262,0.221073521797783,4.56335930024278e-18
"266",0.102337064308212,0.117925289686639,0.173014846888702,0.0587528164653126,0.547969982651135
"267",0.000187323938579275,0.304773414924012,0.19653291234564,0.386422704628681,0.112083644163088
"268",0.361690791823628,0.599905572245607,0.000937271748275209,5.75578895646511e-18,0.0374663641824898
"269",3.55817067249705e-18,0.424188847608067,0.141285082116789,0.426849353372826,0.00767671690231871
"270",0.00218849182113721,0.962927675670374,0.00122056779501285,0.0336622166802737,1.04803320212024e-06
"271",0.186147154847465,0.105747268944653,0.0789946546687963,0.149866663892248,0.479244257646837
"272",0.00947417061691297,0.524874573764504,0.00309803983681568,0.462553215781767,2.18234415081419e-18
"273",0.518191836003288,0.0397209078884549,3.90473848111325e-18,0.145176886672197,0.29691036943606
"274",0.239769856967011,0.0557502562271606,0.142085866784689,0.181292509507166,0.381101510513975
"275",0.575277116737815,0.0934795959842062,0.063471652516452,0.267348655692705,0.000422979068821653
"276",1.68057728207588e-18,0.517935897558267,0.0547685549681571,0.426105553448921,0.00118999402465563
"277",0.224265761551557,0.412725281085017,2.98631622010935e-18,0.362935314904019,7.364245940734e-05
"278",0.289013825465942,0.400353490470687,0.0205692404389637,0.205739251901956,0.0843241917224512
"279",0.0577711425582733,0.871602051413241,0.00969432005801953,7.55107742898649e-18,0.0609324859704663
"280",0.254065626747264,0.275880412375658,0.20461679109609,0.0698691898603055,0.195567979920682
"281",0.106114602484679,0.0432537366366984,0.19590455253453,0.109689613407607,0.545037494936486
"282",0.132595359408113,0.114060995266251,0.166416871910032,0.11032964605677,0.476597127358834
"283",5.21513611141094e-05,0.653468786404825,0.235935387248295,0.110543674985766,7.95679118268473e-18
"284",0.093784605850472,0.645431715989354,0.186326014383735,2.24733137700503e-18,0.074457663776439
"285",0.0608941906523157,0.368946294462062,9.95660424009364e-19,0.462017439508298,0.108142075377324
"286",0.145945682257367,0.395108877828321,0.0897778777849189,3.5527136788005e-18,0.369167562129394
"287",0.156635086517257,0.428220392199498,0.00110504495104629,0.413995269555013,4.42067771861309e-05
"288",0.0105357494764383,0.772675746237319,4.82130648149688e-19,0.149173732884157,0.0676147714020862
"289",5.38539193221805e-18,0.652534750660048,0.106199521568829,0.122991550501578,0.118274177269546
"290",0.334084429384242,0.51486347627824,0.148647749347039,1.32049423746357e-17,0.00240434499047869
"291",0.0877047961066443,0.292444722655194,0.035371008220052,0.219935401790432,0.364544071227678
"292",0.112434077157092,0.105756138457175,0.187371182960762,0.0811282005649331,0.513310400860038
"293",0.211447160921218,0.33477568687753,0.162452606665071,0.0166764234353855,0.274648122100795
"294",1.37490238013065e-17,0.970202747238971,0.0276780392751335,0.000320796603935685,0.00179841688195928
"295",0.13677307514532,0.617546182556769,0.237998172470793,0.00768256982711697,2.15235755715526e-18
"296",0.159054173513595,0.565798627545384,4.66445552487075e-17,0.275147198941022,1.83186799063151e-18
"297",0.137682199653849,0.42342704827019,5.0076249521376e-19,0.36163805644312,0.0772526956328416
"298",0.126086276317538,0.000487134253013094,0.0475771445329686,0.509802334364468,0.316047110532012
"299",0.144982626094296,0.751504427061237,0.103512946844467,1.84788165692309e-17,2.0869860831833e-18
"300",0.280750841918249,1.11022302462516e-18,0.113439319237966,0.303149246086243,0.302660592757541
"301",0.00538409388014629,0.960636205540698,0.0338231746162893,5.06783747893073e-18,0.000156525962866257
"302",0.0391990564682713,0.922618386746206,0.00241316043011551,1.52102773261643e-17,0.0357693963554072
"303",0.000128730981837871,0.41227000685371,0.201131108483095,0.386470153681357,5.04750793014515e-18
"304",2.53177002595221e-18,1,1.07129047681514e-17,1.72601467991065e-16,1.76690436285797e-17
"305",0.0113653360395736,0.901138487787238,4.09547423992975e-18,4.51663036823514e-17,0.0874961761731887
"306",0.250169921619814,0.561947420228533,0.0652114584854274,0.0950114065548653,0.0276597931113601
"307",0.365716372830508,0.539174344194639,0.0946561152563063,1.66844831206503e-17,0.000453167718546837
"308",0.170449596920526,0.494792975153069,0.00135543334287153,0.0910795474801596,0.242322447103374
"309",0.00028361682912153,0.67856939515668,0.1101768559793,1.52986843102212e-17,0.210970132034898
"310",0.0575487691605843,0.208295017772797,0.0227225645248599,0.418170200207465,0.293263448334293
"311",0.372731028021683,0.598848003602695,4.38591261251378e-18,0.00190302122229169,0.0265179471533303
"312",3.99680288865056e-18,0.528147611337823,0.138175100562815,0.165771261050567,0.167906027048795
"313",5.30582389368582e-17,0.86162020116045,0.000159882268175774,7.15800975988644e-17,0.138219916571374
"314",0.142558948722211,0.0638581977430148,0.174746269224148,0.212063861276782,0.406772723033844
"315",0.00759104945219632,0.884412400676822,0.000887915386994395,0.0357612041432972,0.0713474303406896
"316",0.123028233917658,0.0298619951006972,0.188617012297199,0.170257170899463,0.488235587784983
"317",0.182057902261894,0.529344168715636,0.11624569026773,0.0613493058628632,0.111002932891877
"318",2.08166817117217e-18,0.299742940993063,0.121906595397398,0.454070359142742,0.124280104466798
"319",7.17032666127293e-18,0.40032450840916,0.129220210076227,0.00236808832214821,0.468087193192464
"320",0.255720795029768,0.137379942185516,4.31403823996381e-18,0.477400772565689,0.129498490219026
"321",0.0221585281732026,0.721061086944829,0.0738924233752085,0.171817472200215,0.0110704893065446
"322",0.332075843605462,0.369372918163155,0.0499719856389111,0.247976774418592,0.000602478173880103
"323",0.13500610003339,0.667607201627677,2.55401190385954e-05,0.197295334105581,6.58241143139097e-05
"324",0.000732799616351311,0.58277214878938,0.33745097060069,0.073303989500066,0.00574009149351295
"325",0.0721846932916449,0.266629971841741,0.241051387940023,0.262173451943056,0.157960494983535
"326",0.0423763971884332,0.615102442191302,0.00169181192528259,0.339834852871259,0.000994495823722976
"327",1.99840144432528e-18,0.609270600047154,0.186458319521767,0.150076197653306,0.0541948827777731
"328",0.229035326818018,0.200265813004124,0.0767572738790475,0.325058223101233,0.168883363197578
"329",0.605767622020555,0.0442514014010518,2.65905038363098e-18,0.240107500359049,0.109873476219344
"330",0.979587063224855,8.51810786306004e-17,0.00101343465799056,0.0193995021171546,2.29666908946412e-18
"331",0.179282566655942,0.50542473850665,4.23741649828606e-18,0.224693640834815,0.0905990540025935
"332",3.14362683946531e-05,0.812164205700541,0.00665271099117027,0.000452002279224979,0.180699644760669
"333",0.450448834465363,0.50180816407114,0.0477430014634973,3.52930651955774e-17,1.12305757433361e-18
"334",0.514633373847412,0.393637967339263,0.00179616163285138,7.38160130927584e-18,0.0899324971804736
"335",0.0460200404137443,0.56916507492253,0.037694077276666,0.346767579492093,0.000353227894967112
"336",0.42469520958651,0.000852652777276914,0.142656507041079,0.349613189229494,0.0821824413656402
"337",0.420217461590792,1.15094309821471e-05,0.0353051605308009,0.524017621196493,0.0204482472509319
"338",0.000920832482957311,0.527763112986755,0.0900557504508182,0.00957119962742516,0.371689104452045
"339",0.0928710120518245,0.257624732739101,0.110800843263443,0.326939228853585,0.211764183092046
"340",0.125428477235637,0.0639877902657511,0.188787591500481,0.14041479482336,0.481381346174771
"341",0.143524925383019,0.107865111931297,0.139521053829383,0.220219177977906,0.388869730878395
"342",0.000196766177419997,0.182511377460436,0.243292186251306,0.216198736264127,0.357800933846711
"343",0.352890155609195,0.402843065786458,0.244259303725076,4.68905250864156e-17,7.47487927096714e-06
"344",9.10709144497919e-18,0.186709161523678,0.18650998264176,0.11933803273249,0.507442823102072
"345",0.115952627566369,0.0899773027257915,0.195275438507186,0.100350647158769,0.498443984041884
"346",0.124163088571602,0.668112906585522,0.171637797459837,0.0360607184348891,2.54889481505002e-05
"347",1.58224636448254e-18,0.598191157399196,0.115810299984775,0.210518693758655,0.0754798488573735
"348",0.086062947672862,0.579983643452189,0.243630123427474,0.0738369153731542,0.0164863700743215
"349",0.0196323073295058,0.496175328176671,0.00316881040375577,0.4806943345699,0.000329219520167207
"350",0.0212300929511823,0.841160008375563,0.137609898673255,2.48845867884309e-17,4.67057387766145e-18
"351",0.24698969605141,0.270094942469079,2.33146835171283e-18,0.265438678706094,0.217476682773417
"352",0.10730203429903,0.040254883375502,0.19489492323596,0.111170454863123,0.546377704226385
"353",0.191272337475316,0.360530631594464,0.000641673128833565,0.418211799305505,0.0293435584958813
"354",0.211263906529948,0.19857544111942,0.184103260638296,0.0887185624185395,0.317338829293797
"355",0.0218716778569675,0.359536245002548,0.152429698006503,0.466162379133981,4.22684838662792e-18
"356",2.6908953285146e-17,0.513980692855542,0.486019307144458,1.63319514771057e-17,1.80786572573224e-18
"357",0.286197757321098,0.501087710464353,0.0142382859906701,0.0977896328120923,0.100686613411786
"358",0.312436046202964,0.192448733973902,0.326576087754801,0.140137165510853,0.0284019665574806
"359",0.350690531540661,0.390182404291499,0.234679825820685,0.0244472383471553,6.43718915403155e-19
"360",8.88178419700125e-18,0.325907921734127,0.148539335586678,0.168110363504965,0.35744237917423
"361",0.2042469136515,0.0564902259321885,0.0211649355930574,0.718097924823254,5.40029727433165e-19
"362",0.313320809636326,0.553264259167779,0.0643500446420553,3.36073405308782e-18,0.0690648865538403
"363",0.0308660799202723,0.745597696559441,0.00112246599515448,0.0243904713296513,0.198023286195481
"364",0.253177905524877,0.373260982777145,0.0936256125394339,0.080333809901868,0.199601689256676
"365",0.117072722989693,0.0379077650023507,0.197596308248245,0.101700041518756,0.545723162240956
"366",0.176074920445822,0.30700755403845,0.200553550216979,0.25647308652815,0.0598908887705998
"367",0.324680889321879,0.516488381654128,0.158751309488944,2.93518652163148e-18,7.94195350490646e-05
"368",0.000235176440334243,0.000388548644068104,0.00489978738294653,0.994457263266089,1.92242665623811e-05
"369",0.163471308692394,0.810750925484883,0.0136046203760027,0.00106467718618241,0.0111084682605373
"370",0.242347273634835,0.522897328647631,0.153825351973326,0.0795616623329275,0.00136838341128062
"371",0.204653207543895,0.174782311184556,0.259986998824906,0.199533728262972,0.161043754183671
"372",0.00565319552862626,0.947318386240727,0.0466822308347805,0.000346187395866213,6.03512408180358e-18
"373",0.366556401858317,0.504536599696075,0.128906998445608,2.8000100797522e-18,4.32209344735904e-18
"374",0.182731710456436,0.749823866866647,0.0599332029667544,6.87239466942755e-18,0.00751121971016268
"375",0.330250218839146,0.150983660256976,0.255554444792877,0.259982235722907,0.00322944038809444
"376",0.110661179151081,0.29813331895877,0.00155892270105779,0.589646579189091,1.53660899928132e-18
"377",0.117388940931305,0.0981688123763568,0.158912011845659,0.200506382027474,0.425023852819205
"378",0.0585495656249682,0.662669609702963,0.162200256938881,0.116218238955625,0.000362328777562121
"379",0.269747959437822,0.730224131349462,9.04016249510809e-18,9.55673946957927e-18,2.79092127160753e-05
"380",0.0245564778497521,0.518891833601786,0.0749665335495273,0.142947134823566,0.238638020175369
"381",0.0902609981168561,0.22303178844653,0.222199261351457,0.0181231989438595,0.446384753141297
"382",0.361182754681995,0.549147099736492,0.0894635924039562,2.18664829863365e-18,0.000206553177556956
"383",0.00097089448603828,0.991170152847339,7.89898856505487e-18,0.00785895266662237,9.96163618847133e-18
"384",0.10279155691948,0.0391928724378007,0.189733652291272,0.120643488899124,0.547638429452324
"385",0.323856738669232,0.302902322954096,0.298520441486158,3.67032829480484e-18,0.0747204968905146
"386",0.104435216815303,0.381742133578184,0.165443492998077,2.16493489801906e-18,0.348379156608436
"387",0.0620784286052053,0.285686563543344,0.0289760372270659,0.31501169007035,0.308247280554035
"388",0.00663943956708366,0.536292130962449,0.2306948975002,0.226373531970268,5.9183824618383e-19
"389",0.224170626151555,0.194716751101358,0.0458475831136776,0.234470793780763,0.300794245852646
"390",0.0824441170470736,0.353551102197287,0.0468393952563364,0.517165385499303,4.57966997657877e-19
"391",0.00165728815158044,0.998342711848419,1.15707481072953e-17,2.09889679526142e-17,1.7952373727519e-18
"392",0.144633450230421,0.617412867673255,3.45902248185e-18,0.235865839027826,0.00208784306849803
"393",0.185655089374364,0.284143280091138,0.0282101129370497,0.501991517597449,1.34834209115155e-18
"394",0.0546884980868233,0.0868636867431821,0.207776114951225,0.184901484371963,0.465770215846807
"395",0.48916191507858,0.307351733028612,0.108131818002586,0.0165686301256725,0.0787859037645492
"396",0.212762836572529,0.159295935681947,0.0774649911380055,0.290188183010454,0.260288053597064
"397",0.0347418881660841,0.85652967604337,0.0938925006354357,0.00327769232247194,0.0115582428326386
"398",1.03194446902366e-18,0.775543895790128,0.036098136012351,0.121619992457556,0.0667379757399642
"399",0.175428211987853,0.628636067579943,2.28340577744634e-18,0.195935720432204,1.28887596943255e-17
"400",0.587393003223445,0.0881895871100111,0.000272983276696103,0.195472972316427,0.128671454073421
"401",0.000251799752801254,0.505442715263568,0.0858163221512139,0.301688051211832,0.106801111620585
"402",0.025362875790126,0.516505795307742,0.105660728047431,0.352470600854701,1.45329921179645e-18
