"","V1","V2","V3","V4","V5"
"1",1.78169036244895e-17,0.562925483467164,4.2270510844277e-19,0.393155622123834,0.0439188944090023
"2",0.326306239301676,0.0160322560760965,0.248360299718693,0.409301204903535,2.61284021342426e-18
"3",0.253874347775196,0.492648190458224,0.0833914676472741,0.0355083670476316,0.134577627071675
"4",0.0455969925194007,0.618967332815672,0.000943216812853803,0.334492457852073,4.80061645256017e-18
"5",0.108380023577529,0.252975327016554,0.261357551663257,4.46694950924351e-18,0.377287097742659
"6",0.649259772114691,0.344839182273945,0.000265389698668586,0.00563565591269605,6.45488641919073e-18
"7",0.000169037283678275,0.620723909877356,0.245982163022027,6.91579040119568e-05,0.133055731912927
"8",3.3138172013891e-05,0.501244306129742,0.137525416834582,0.359118309362821,0.00207882950084025
"9",0.00437755814352285,0.804805154735407,0.19081728712107,6.55217293237187e-17,1.78870754759153e-18
"10",0.119897640700135,0.111949466936709,0.157661070539995,0.149522378369059,0.460969443454102
"11",0.52329030270351,0.00921464159534239,0.295661589598709,1.57980029743784e-18,0.171833466102438
"12",0.0952985960109083,0.229499226101066,0.208833509909609,0.00690944222868209,0.459459225749735
"13",0.149484026570405,0.488259180358014,0.208667968758465,0.0680663625980949,0.0855224617150207
"14",0.363696613355502,0.58646676669991,0.0283601377292095,0.00153280204280506,0.0199436801725734
"15",0.258824310347732,0.739864867928643,0.000554426530350804,0.000756395193274358,4.8326006011682e-18
"16",0.29957158759262,0.503281143380291,2.61358146303869e-18,0.193513356508041,0.00363391251904705
"17",0.000135109926564985,0.0626066119000279,0.00965619057387405,0.79528063271575,0.132321454883783
"18",0.210916816555802,0.552208959441977,0.228160667163213,6.15929113568654e-19,0.00871355683900868
"19",0.00315787885747131,0.433118089888151,1.24029635459276e-17,0.413775854494064,0.149948176760314
"20",0.211793811250197,0.408215620888208,0.149513480781517,0.0346423527155463,0.195834734364531
"21",0.000517095391096288,0.935448774944039,0.0637419808723994,0.00029214879246544,6.76873051453487e-18
"22",0.0960982907941792,0.0193736849702073,0.15609874798864,0.234473283176802,0.493955993070171
"23",0.404640956637813,0.0698823205321638,1.5504602870687e-18,0.525476722830023,1.61173309761659e-17
"24",0.103481440784231,0.624262866257752,5.62534505763992e-18,0.272255692958018,1.83719625722664e-18
"25",0.122728239521097,0.150012019070248,0.249383996296787,0.0453446243327008,0.432531120779168
"26",8.4368094865298e-19,0.917458158277764,0.0629800548893969,0.0175183856822255,0.00204340115061361
"27",0.440765247310542,0.107688167458666,0.0496027011592469,0.226126052713364,0.175817831358181
"28",0.00196314074633569,0.352710460957584,0.12882594927494,0.240291078647536,0.276209370373603
"29",0.108702723879723,0.350157664478069,0.166371263047961,0.0446744611430719,0.330093887451175
"30",0.112898711967464,0.655055397019269,0.220392654658121,0.0115689559702843,8.42803848613239e-05
"31",0.26557904855188,0.627647251555288,4.5102810375397e-19,0.106773699892832,4.56933291356953e-18
"32",0.117761291126264,0.222076628332381,0.173957120281606,8.32591476510681e-05,0.486121701112098
"33",0.107730890749838,0.661194635012374,0.00442781050280091,2.24723865647092e-18,0.226646663734988
"34",3.61738391904676e-18,0.691570739036232,9.23852977728078e-18,0.236233470370522,0.0721957905932464
"35",0.0795951554452883,0.139564880161756,3.04236881895658e-18,0.780214128410776,0.000625835982178981
"36",0.542301304968747,0.0901640930045372,0.0339894205241294,0.333545181502586,9.15502483544338e-19
"37",0.0976586959399618,0.818621844678834,0.00311971861045707,3.12722776336055e-18,0.0805997407707469
"38",0.321158712883457,0.559820698704056,0.00329059776686957,0.115729990645617,1.56345995367355e-18
"39",0.0431750525505916,0.533050222880119,0.128793384336162,0.293256307815844,0.00172503241728371
"40",0.259060176132281,0.612929812179369,1.02375437552908e-17,0.12801001168835,1.94444845490447e-18
"41",0.236135827743078,1.66533453693773e-18,0.113234957728847,0.254103035984732,0.396526178543343
"42",0.00124216701264209,0.460714499744596,0.192972816970489,0.174738390633507,0.170332125638765
"43",0.144302513859532,0.359046894082941,0.156226311178698,0.0840942482604045,0.256330032618425
"44",0.0385910164848582,0.89170700002155,3.5785860696221e-18,3.91555045009503e-17,0.0697019834935916
"45",0.0941685119442652,0.0384287337656544,0.178626831456203,0.134884945601249,0.553890977232629
"46",0.586231416093661,0.24053734646378,0.0293269020862182,0.118345122513866,0.0255592128424744
"47",0.088653719964062,0.579043996599366,0.332302283436572,3.0451516461706e-18,9.454426669018e-18
"48",0.471499703268644,0.473257291797564,0.0531756418127741,0.00179443260357653,0.000272930517440926
"49",0.178547222572105,0.47933902672351,1.81821350400007e-18,0.214219201883227,0.127894548821158
"50",0.0228359935640435,0.7566292236119,0.136158503075905,7.18487532450655e-18,0.0843762797481512
"51",4.81341311808217e-17,0.00106143783170111,0.00729898960993526,0.991639572558364,8.66712398635766e-18
"52",0.126300174126382,0.0414312453636955,0.197866186800243,0.141872775504472,0.492529618205208
"53",0.290878283598297,0.654623452204423,0.0322035613960229,0.0222947028012573,4.02021372721531e-19
"54",0.000569754651855257,0.330902441380119,0.403985454937677,0.0764151954833104,0.188127153547039
"55",0.155287666793273,0.667898650285074,0.00605973243021258,0.170749840311475,4.11017996477539e-06
"56",0.12600765257489,0.0992545665453972,0.209907305668701,0.0696454480396561,0.495185027171356
"57",6.16092756793433e-18,0.920349709942604,0.0796502900573962,1.72288239172937e-17,1.42389061374626e-17
"58",0.0021271272400697,0.182280605736264,0.155169476519925,0.1863380233062,0.474084767197541
"59",0.0759886134593492,0.92216751576183,2.82507853122051e-17,6.38824561672454e-18,0.00184387077882074
"60",6.03171067364882e-18,0.474083296760752,4.30165606331547e-19,0.48515114370968,0.0407655595295684
"61",0.132282845350868,0.111481069478507,0.134120930905771,0.158089487149846,0.464025667115008
"62",0.570996401111471,0.234209823245656,0.193741767663944,0.00105200797892868,8.85150818459997e-19
"63",0.199454105008115,0.567944714330504,2.08735384040621e-18,0.232601180661381,6.50500436733022e-19
"64",1.73177307612586e-18,0.768316008790579,0.229476793692579,0.0022071975168414,1.1857208220746e-17
"65",0.0252666768737098,0.541322092919944,1.59653237283955e-17,0.433411230206346,2.65324019273778e-18
"66",0.229470562849813,0.45303292818375,7.02227137190719e-06,0.295491128801769,0.021998357893295
"67",0.0978516751382504,0.112388951956261,0.178296959818723,0.0989369046946161,0.51252550839215
"68",0.0746066869795984,0.743478840032698,1.13328008811355e-18,0.181666703308205,0.000247769679498883
"69",0.120867173266112,0.118207890566145,0.000254971266469141,0.66469678483603,0.0959731800652434
"70",0.0745909837207983,0.564345565372064,0.0412616915234663,0.315650200070033,0.00415155931363881
"71",0.150362922597491,0.234542603973979,0.157414247955015,0.00120729728826844,0.456472928185246
"72",0.379122103894015,0.253342610291446,0.000617938581399619,0.0152490554255363,0.351668291807603
"73",2.22044604925031e-18,0.409199181828711,0.135496385945691,0.383630967510306,0.0716734647152912
"74",1.73757243060364e-17,0.998710960983497,1.1070628804655e-17,0.00128903901650329,1.52593255620443e-18
"75",0.173872379041182,0.49148968728261,0.00313806124785894,0.000522736896689644,0.33097713553166
"76",0.810159500416566,7.24351234744638e-18,0.00794343925193973,0.181897060331494,6.73050714575023e-18
"77",0.000726036961627769,0.302340560126955,5.79186216236828e-18,0.561051979753622,0.135881423157796
"78",0.277229530696642,0.581520974552533,0.00278228463776965,0.0688418262930197,0.0696253838200357
"79",0.337420658146346,0.658878386176773,6.11530433717114e-17,0.00370095567688041,9.28497266076692e-19
"80",3.1237256777917e-18,0.763178155777283,0.00147289238689583,0.234541703147934,0.000807248687886987
"81",0.636098147323217,0.298576343061235,0.0613348756338019,0.00399063398174655,6.93889390390723e-19
"82",4.62883624494072e-17,0.000878970653800882,0.0114697741317072,0.846168054718007,0.141483200496485
"83",0.169735510404411,0.113167098502142,0.138197077863794,0.05838113684696,0.520519176382693
"84",0.208111357701637,0.710274050480833,0.0798786882028997,0.000516650288604836,0.001219253326025
"85",0.112929296551983,0.0337054643094839,0.193327881706181,0.1130650937686,0.546972263663752
"86",0.0375482584430236,0.700147408995775,0.00876278364045085,0.0661895913968234,0.187351957523928
"87",0.351551532897179,0.260869865543642,0.318642196142098,5.57271356076781e-18,0.0689364054170816
"88",0.369351986415061,0.467558709778731,1.40254447656082e-18,0.0832611027497853,0.0798282010564233
"89",0.031584533265084,0.767825924244049,0.0897913223039834,0.0947536100600263,0.0160446101268573
"90",0.0168217765465835,0.725644120356115,0.156879564237953,3.83430923281409e-18,0.100654538859348
"91",0.764314456326505,2.77998529180409e-17,0.0215181686426047,0.214167375030891,1.09029151372254e-18
"92",4.70972971173668e-18,0.745449053889886,0.00210251948743686,0.252156334868122,0.000292091754555847
"93",0.0776565837926046,0.73300652303106,6.59888657480925e-18,0.000387922489324015,0.188948970687011
"94",0.0936082529020677,0.0596467875806917,0.135568675805697,0.283527779970784,0.427648503740759
"95",1.68474800092888e-17,0.649024359083488,0.0778049406834455,0.265878220401293,0.00729247983177372
"96",2.36004034682423e-17,0.154659713976095,1.85346415062502e-17,0.845340286023905,9.72504125456665e-19
"97",0.679160942816647,0.0428788329178531,2.65575021166904e-18,0.13006556710138,0.14789465716412
"98",0.0109062597616425,0.413670790771435,7.19983546200934e-17,0.575422949466922,1.54641645015653e-18
"99",4.16333634234434e-19,0.305453080932334,0.233586168459457,0.100756003846154,0.360204746762055
"100",0.0948512486612967,0.147864147499206,0.232077069574024,0.00531619878988774,0.519891335475585
"101",0.0516525794335937,0.245646644499041,0.0005536009863608,0.702147175081005,5.73853289765391e-18
"102",0.489966954593464,0.509668530607229,0.000364514799306546,7.04878120703982e-17,1.69960006570305e-18
"103",0.0157778883677876,0.42506888811837,5.08448097375227e-18,0.559153223513843,3.89379021095274e-18
"104",0.156266020688891,0.321799792016573,0.0240703118316015,0.380786094537165,0.11707778092577
"105",0.543059090641107,0.301941300920265,0.154864558961965,0.000135049476662625,1.02647689218484e-17
"106",0.184522467907646,0.596914422061842,0.129689623567101,0.0888734864634107,1.38780779653989e-18
"107",0.00165302846730656,0.369084930379906,0.111699190256667,0.443024125634336,0.0745387252617841
"108",0.309051015292245,0.519171128228685,0.0504175014194899,0.120044863456401,0.00131549160317956
"109",0.0110225175436662,0.141666958413373,0.177729067279208,0.669440515798951,0.000140940964802393
"110",0.219537461636939,0.649048177223251,4.68327523451888e-18,0.131098457150346,0.000315903989464348
"111",0.341386509650207,0.0688823197444429,0.0316364444567005,0.55809472614865,2.03093510239538e-18
"112",0.123497429236432,0.433554895744004,0.150931731366346,0.00555482010862159,0.286461123544595
"113",8.32667268468867e-19,0.185717700785252,0.133432148355416,0.34350795976778,0.337342191091552
"114",5.17943688104072e-05,0.138069642052775,0.0445666959348235,0.652129538918392,0.165182328725199
"115",0.111180897138191,0.0602180316209917,0.197406267109486,0.0961824958946845,0.535012308236646
"116",0.122278001236334,0.107437504459827,0.149207764013668,0.170772229613797,0.450304500676374
"117",0.413769698977099,0.566162900866913,3.81514942441041e-18,0.014023029219122,0.00604437093686533
"118",0.00615335725327146,0.460809194340203,0.0251995496074728,0.507837898799052,1.36230408602939e-18
"119",1.11022302462516e-18,0.773791131024937,0.118003855286978,4.41991284388299e-17,0.108205013688085
"120",0.066413147121599,0.824436281305215,0.0665853328342891,1.0671600059305e-17,0.042565238738897
"121",0.656335252770298,0.29532742631104,0.0483373209186622,6.99134832549469e-17,2.5713804434459e-18
"122",0.0427911032663602,0.611712756302431,5.58674907057265e-19,0.18349770382013,0.161998436611079
"123",0.238654648084062,0.330586574229871,0.342716546964583,0.0880422307214845,5.55515716654464e-18
"124",0.090884873119963,0.000521378117578347,0.16849442028088,0.557536445774993,0.182562882706586
"125",0.0169815948024403,0.38814669382362,0.156381232505314,0.145398244422746,0.29309223444588
"126",0.757044885610639,0.235678885541419,4.26352372848924e-18,0.000864750220128057,0.00641147862781356
"127",0.000363194106020349,0.504763049889903,0.494873756004077,4.06470773406933e-17,6.87440937408674e-18
"128",0.250470740388173,0.355270609459137,0.0731545519024672,0.315766622507484,0.00533747574273906
"129",0.0946158372862469,0.57229902110056,0.109843033529158,6.66133814775094e-18,0.223242108084035
"130",0.116159495875562,0.0343915531513758,0.201628510270948,0.0937966336412888,0.554023807060825
"131",0.00292256016844875,0.411119082982881,0.166662976373609,0.2785254608554,0.140769919619661
"132",2.11485979743545e-17,0.917241659662375,2.44710311091324e-17,0.0827583403376244,6.41800537281832e-19
"133",0.026103443861826,0.809353718136769,0.16422111514242,2.94977800780041e-17,0.000321722858985355
"134",0.0210019218231782,0.421816520217296,4.21143195655593e-17,0.557181557959526,2.33162176675393e-18
"135",0.228334808356329,0.580881115664143,0.101258667153783,3.24575992774882e-05,0.0894929512264682
"136",0.122509424303057,0.407729229384373,0.00577183811738775,0.447190411532448,0.0167990966627345
"137",0.0622952193641926,0.931747225804371,0.00595755483143674,3.37778851405717e-17,9.1731592798507e-19
"138",0.144326060462939,0.0657723138298826,0.228440466584942,0.094337449563157,0.467123709559079
"139",0.10440853854915,0.778756765593226,6.29645932002306e-18,0.00311580512308091,0.113718890734543
"140",0.19226937906147,0.563986052912606,0.00571858683643062,0.142577179437773,0.0954488017517208
"141",0.0898437627081761,0.811495066785704,0.00259610523408642,4.24626534390932e-18,0.0960650652720334
"142",0.100643083066259,0.319736599036542,0.0875627075696251,0.25493675739428,0.237120852933294
"143",0.479697795388876,0.431730822245823,0.031631356221826,0.0569400261434747,1.67544373333464e-18
"144",0.683861044000977,0.252765555548123,0.000125473259501024,0.0523917306401141,0.0108561965512847
"145",0.0151735118248633,0.754076927667006,4.4701451573767e-18,0.00102947638758925,0.229720084120541
"146",1.69739687263553e-18,0.449890826031383,0.165397700753186,0.3605379551188,0.0241735180966315
"147",0.31768754332543,0.0602006930600562,0.00817067867259413,0.28014772789619,0.333793357045729
"148",0.000543544533764625,0.536643390762983,6.10262509488804e-19,0.309621374727093,0.15319168997616
"149",0.0020521884800241,0.997947811519976,5.88956757102812e-18,9.84114003437917e-17,1.46466009898385e-18
"150",0.215535253788555,0.178692922461013,0.0971344494115758,0.199373693204691,0.309263681134166
"151",0.0480082435582566,0.701840447612404,0.153672465099388,1.71774084032397e-18,0.0964788437299513
"152",4.23128398734861e-18,0.438109858169565,0.071658121486576,0.482303301519635,0.00792871882422364
"153",0.00491734479046496,0.893380013075685,0.10170264213385,1.38432878515815e-17,2.96472029610395e-18
"154",0.247977659866688,0.680457574108646,2.20537433345208e-17,0.0715647660246662,8.62651166696091e-19
"155",0.00206223742009518,0.7568345541289,0.227837223239162,0.000357190160212471,0.0129087950516304
"156",0.216444920671081,0.0893768255556405,0.11775833176599,0.152147799946511,0.424272122060777
"157",0.230173418282564,0.70012521031104,0.0154434773878233,8.37757724643799e-18,0.0542578940185732
"158",2.22044604925031e-18,0.390457643123753,0.0762051179365815,0.225491568258568,0.307845670681098
"159",0.375633394001729,0.379253938427806,0.188937475491496,0.0388984119069337,0.0172767801720362
"160",0.198096844551699,0.226156604509416,0.201761639157425,0.00156095335224316,0.372423958429217
"161",0.320999984363127,0.580462854058242,0.0922290458566373,0.00630811572199389,1.70496535446683e-18
"162",0.00551085980952436,0.537892065664211,0.210995592800605,0.149181560436804,0.0964199212888555
"163",0.000338491874719068,0.424797023390624,0.31978607853742,0.255078406197237,5.13017775202917e-18
"164",0.302370793385071,0.338444459342293,2.95704199171518e-18,0.335612076530178,0.0235726707424576
"165",0.518113836249788,0.462317976697617,4.04243534333363e-17,0.0195681870525952,2.16854481884059e-19
"166",0.0852102315885209,0.59328395494996,8.08453178827642e-19,0.08968204528313,0.231823768178389
"167",0.118862046188333,0.0245434305886106,0.192195925716073,0.117298648378088,0.547099949128896
"168",0.0112280322759915,0.464149792188443,0.0664342639804942,5.74480500195952e-18,0.458187911555071
"169",0.230452547039687,0.724972782777436,4.13516762840198e-05,0.0210239636467942,0.0235093548597984
"170",1.4810246719697e-17,0.578315176417162,0.135263913204493,0.000164026900808594,0.286256883477536
"171",0.00068701963919166,0.359226279693786,0.179014791714437,0.223075596410384,0.237996312542202
"172",0.112741182838374,0.0385437232744195,0.196358279739212,0.109753770053818,0.542603044094176
"173",0.085424388410084,0.673963332616418,0.076852015483296,0.0595448865231636,0.104215376967038
"174",0.215916190311625,0.746334387258206,2.79034726540605e-19,2.19219168852728e-17,0.0377494224301688
"175",0.190560020906587,0.283087180731427,2.4100502261897e-18,0.526352798361986,1.16084462275154e-18
"176",0.0829591425532638,0.897281716776969,9.52706749185621e-05,0.0196638699948484,3.83901083402884e-18
"177",0.0437533580386136,0.836485112435036,2.4206826897848e-18,0.00754434999005571,0.112217179536294
"178",0.104366409131899,0.731998626041987,0.0396231161606755,9.10810882150797e-18,0.124011848665439
"179",0.116514953803275,0.878385621218192,0.00109953686237424,1.01865859577149e-17,0.00399988811615937
"180",7.82944933702021e-18,0.10526288955294,0.0832713057766828,0.563966166543709,0.247499638126668
"181",0.00416690503742378,0.0124148545343417,0.0301674627941885,0.842043849264886,0.11120692836916
"182",2.09233617180537e-18,0.602636855230916,0.0464456016135308,0.0123112929311475,0.338606250224405
"183",0.284166436008279,0.323617486127614,0.00671026504727513,0.341106589626628,0.0443992231902045
"184",0.000766008425550958,0.463723718275611,0.00181515734020932,0.533695115958629,5.9286124604654e-18
"185",0.0363840273022072,0.823954472112667,0.109501468623254,0.00119073264496374,0.0289692993169084
"186",1.38301741918415e-17,0.48507744637211,1.63820387534392e-18,0.51316905550555,0.00175349812234008
"187",0.0620047401272718,0.311086337771498,0.375511503332188,0.241520513231257,0.00987690553778522
"188",0.206974819579779,0.316539864338238,0.137466623279096,0.11668823596236,0.222330456840527
"189",0.139520299609744,0.0302645972969755,0.219361931563892,0.126474183133815,0.484378988395573
"190",0.236436853598639,0.711949982008338,0.0273496294481185,1.86165163009504e-18,0.0242635349449051
"191",0.437737857816958,0.406236984475745,0.0119301541282304,0.144095003579066,2.21179473363597e-18
"192",0.318956627482151,0.0757049409024815,0.0299142324784019,0.575424199136966,6.56392611494432e-19
"193",0.246614858908359,0.669473291671967,0.0811207101011558,0.0027911393185174,2.29115558376168e-18
"194",0.491239210215741,0.361115262540022,0.0920886322303522,0.0432766634336092,0.0122802315802757
"195",0.345894110144216,0.0748221571940479,0.000755080575475861,0.404362949499543,0.174165702586717
"196",0.168732464324812,0.0912511457123522,0.138366830338365,0.323076400565913,0.278573159058559
"197",0.143415055430427,0.718861805389078,0.0446528891002656,2.68473239536223e-19,0.0930702500802291
"198",0.0424141931581479,0.619051002621708,2.17311655247927e-18,0.289884736201508,0.0486500680186364
"199",0.412810719226613,0.422971676154952,0.114063652222328,4.09003007663182e-05,0.0501130520953397
"200",0.238397305915107,0.308621617171272,0.0345763013450019,0.414607223542593,0.00379755202602627
"201",0.143039713842918,0.0503040445096182,0.194211701279236,0.179627211761835,0.432817328606393
"202",0.231555485507789,0.685519926568498,0.0769687685741848,0.000612312274953794,0.00534350707457421
"203",0.149544426721665,0.177543173644601,0.186302239202979,0.0197686973683781,0.466841463062378
"204",0.0991984145999959,0.0519150858783581,0.198463832017049,0.107600802101597,0.542821865403
"205",4.88490093304645e-17,0.81962272701538,0.179973580796235,0.000403692188385076,8.32667268468868e-19
"206",0.00336483783784064,0.888067461376939,0.000516570599707922,1.56036529347907e-17,0.108051130185512
"207",0.117567381152141,0.597900146827972,2.70693929537584e-18,0.284532472019887,2.43223701182912e-17
"208",0.0243187321050767,0.526851621545729,0.0874404970271322,0.36130472158482,8.44277372428335e-05
"209",0.277897000637052,0.00389520223321982,0.0382836022598739,0.679924194869854,8.41803625700358e-18
"210",0.0544025554015358,0.910604633404723,2.20154166471699e-17,0.0349928111937408,1.55425802167042e-17
"211",0.0869277938690899,0.186012067215692,2.77181356492366e-05,0.563167582961117,0.163864837818452
"212",0.397328925373476,0.264993774279883,1.30104260698261e-19,0.320283855674254,0.017393444672387
"213",0.194202718858848,0.0233147926353556,0.378072129953057,0.404410358552739,1.96646277083535e-18
"214",0.00550600601525784,0.934485935452143,0.0245076023131747,0.0127833578628914,0.0227170983565328
"215",0.0982673338440255,0.323453528822423,0.162723556143537,0.073737405465686,0.341818175724328
"216",0.119152291293354,0.852480690390925,0.0283670183157215,9.67146930359401e-18,4.94962668030728e-18
"217",0.0169087181860884,0.377263268211091,0.248562206213142,0.000103419088223794,0.357162388301455
"218",0.233302020114155,0.669330935732707,0.00301385855559052,0.0943531855975481,2.42277972487078e-18
"219",0.107227674346585,0.0635158128034503,0.181979039841962,0.110458130997489,0.536819342010513
"220",0.225287675284029,0.0557303280606396,0.221083757699032,0.260373775684745,0.237524463271555
"221",0.224302140070892,0.187855384313687,0.136851104001557,0.0264659921018423,0.424525379512023
"222",0.171121928794785,0.448618668647555,3.81049932716338e-18,0.379549947004698,0.000709455552961844
"223",0.0325681847238627,0.401044735041095,0.129328987182359,7.18848471079098e-18,0.437058093052684
"224",0.237253860580754,0.440471114660715,0.00448013558845856,0.317794889170073,2.42392611178985e-18
"225",0.269950234229297,4.44089209850063e-18,0.0899329970911564,0.544135807567636,0.0959809611119109
"226",0.209718458117035,0.507139138918047,0.0885802644469134,1.66792925252903e-18,0.194562138518005
"227",0.15876470433461,0.0657927687673943,0.168973674276734,0.176598755916777,0.429870096704485
"228",0.25017762308603,0.675226925212042,0.0665555523865926,0.00145514274629145,0.00658475656904439
"229",3.08971941654966e-18,0.321992230780572,1.08290110969049e-17,0.678007769219428,1.76360694383367e-17
"230",0.3821050848409,0.574532406648806,0.0432556863407719,3.82217040325799e-17,0.000106822169521958
"231",0.0309510147364038,0.714263510055753,0.172631496211043,1.68252520301785e-17,0.0821539789968002
"232",0.158673721440668,0.700735914316478,6.90310079636098e-19,0.0698375037738202,0.0707528604690345
"233",1.42718258777634e-17,0.867452360726393,5.89805981832114e-19,1.88824007356195e-17,0.132547639273607
"234",0.413345479043481,0.0326934396380018,0.0574425816228986,0.424687276133095,0.071831223562523
"235",0.0014610490540048,0.951883653108467,0.0412683096652854,2.00405568073493e-17,0.00538698817224289
"236",0.102003246130593,0.114128143152074,0.191595838240079,0.133597237700057,0.458675534777197
"237",0.0269516858587101,0.654809886876419,0.318238427264871,2.00829225764748e-17,9.99411479415036e-19
"238",0.146654332300981,0.470202411070387,0.232383670319947,0.000290502371322723,0.150469083937363
"239",0.372631970861144,0.272595878568661,0.242662854641443,0.112109295928751,5.09778384851655e-20
"240",0.242978305160012,0.437946076647426,0.0822715219547959,6.10528337397468e-18,0.236804096237766
"241",0.227629004968544,0.491092001272635,0.119751251029282,0.161527742729539,1.27996055989216e-18
"242",0.00595464038228056,0.83240710108901,0.0476095632548711,0.0262934006285187,0.0877352946453195
"243",0.290642102475951,0.605083036629995,0.10312239882564,0.0011524620684139,5.28798194776742e-19
"244",0.0597376219215413,0.680859675444885,0.0191038184579649,0.240298884175609,4.33812019839194e-19
"245",0.294688496630739,0.304587026694185,6.93889390390723e-19,0.400724476675076,5.4577191296032e-18
"246",0.474658873886679,0.192978387460842,7.80844015240033e-18,0.332362738652479,1.14544344751437e-18
"247",0.326634528110783,0.221758815505662,1.20941544685507e-18,0.448054589603388,0.00355206678016714
"248",0.313165087299978,0.240836934842008,0.0963032141482729,0.0121784911501361,0.337516272559605
"249",0.0126929043346603,0.0871002718334256,0.285730868441686,0.21980792047449,0.394668034915738
"250",1.9386508634594e-18,0.699247657259047,0.246221431684555,0.0499174555746531,0.00461345548174458
"251",0.495929661758171,0.16173732171368,0.0204571766344706,0.305727715384757,0.0161481245089217
"252",0.191073813622788,0.388924949320565,1.40860597574276e-18,0.399070812213311,0.0209304248433357
"253",7.47798439861569e-18,0.84868492786249,0.00206210213757672,0.141461994664025,0.00779097533590796
"254",0.0811312927565738,0.544429600119368,0.29019234606184,0.084246761062218,1.68421813492204e-18
"255",0.340729442275938,0.520511164065509,0.138684849673719,5.17073463702193e-06,6.93732501957066e-05
"256",0.124102123485089,0.55942847812959,1.19290669999345e-17,0.316469398385321,1.69654530435725e-18
"257",0.235814435679989,0.671879344715779,0.0647992087435739,2.22044604925031e-18,0.0275070108606581
"258",0.202682564804154,0.550790277257835,1.66533453693773e-18,0.0481040069820546,0.198423150955957
"259",0.0829840739719727,0.831496943197194,0.085518982830833,4.31760549983666e-17,9.78392930109549e-19
"260",0.219981060119906,0.421024971358728,0.0848050620520075,0.264756009648217,0.00943289682114151
"261",0.0397805100321616,0.511619203143576,0.0994627041783627,0.311083862385302,0.0380537202605978
"262",0.169465798516125,0.332916704027925,0.14673682509621,9.71445146547012e-19,0.35088067235974
"263",0.197361778248298,0.692117060431646,0.0674006919947776,0.0431204693252784,1.11166402522649e-20
"264",0.0109860232531464,0.68784166239327,0.000162513462616692,0.243517826136073,0.057491974754894
"265",0.211284512898927,0.662036744897347,0.0997748048642049,0.0269039373395208,2.49075766467739e-18
"266",0.0626230691705317,0.783732735622063,0.122841864696747,8.26347820113236e-18,0.030802330510658
"267",0.151512534146944,0.627325878099024,0.0856980869811458,0.135463500772886,1.2806598918652e-18
"268",0.178441052096846,0.24587577164764,0.158737361206209,0.00647042771669934,0.410475387332605
"269",0.809014620007034,0.188538516695925,2.37104053996602e-18,0.00244686329704166,6.05140632924542e-18
"270",0.0739847412284546,0.545512358403994,0.0462468283192033,0.155175999820099,0.17908007222825
"271",0.00955943683353587,0.504153956373487,0.00249784465096461,0.206791239415114,0.276997522726899
"272",0.103129528480051,0.227682301954312,0.119368842589642,0.250000194364811,0.299819132611184
"273",0.816093675774276,0.0926951320742253,7.32688418632387e-17,0.0912111921514987,3.80864061210566e-19
"274",0.466595930473437,0.198592572152811,3.46944695195361e-19,0.334811497373752,5.15162071284679e-18
"275",0.210461003093336,0.614959233955186,0.174579762951477,2.09986893051952e-17,8.03802104042273e-19
"276",0.109447805821166,0.598313466738129,0.141354516387835,0.15088421105287,1.72373176809018e-18
"277",0.286105200629236,0.557497290535931,1.7575994691978e-18,0.156216824521071,0.000180684313762303
"278",0.158536980468768,0.764933299429239,0.00289913663195478,0.0636980535504592,0.00993252991957919
"279",0.0208226593394803,0.94295820793953,0.00825648112775815,1.5324417009206e-17,0.0279626515932311
"280",0.151202437387643,0.0970827957027761,0.204655346394322,0.0265852442478489,0.520474176267409
"281",0.102396567153743,0.0286154107802923,0.196110367337643,0.121586788441109,0.551290866287212
"282",0.164939219759873,0.222267069528143,0.124718414345597,0.12221145171511,0.365863844651277
"283",0.00840784479531747,0.355019020081324,0.132728497019357,0.496143069031756,0.00770156907224502
"284",0.241220153925028,0.636069336810203,0.118661007102721,8.00183898737076e-18,0.00404950216204778
"285",0.0315802900448301,0.276799036550032,1.81738513898186e-18,0.534047628977728,0.15757304442741
"286",0.199715538283521,0.289478980663882,0.130321546995642,2.66453525910038e-17,0.380483934056955
"287",0.141789789998164,0.856775357087382,0.0011738885888885,1.76186423339394e-17,0.000260964325565693
"288",0.0661218958827783,0.766011923021173,4.87810300178273e-19,0.10301215644081,0.0648540246552383
"289",0.0117248353451432,0.22596438397337,0.195942225256498,0.143656741531103,0.422711813893886
"290",0.177999046343298,0.533452680322933,0.0664976480319368,4.9960036108132e-18,0.222050625301831
"291",0.111905813212259,0.0518577515487313,0.1710745123952,0.118724702051888,0.546437220791921
"292",0.152467900847896,0.847126318683296,0.000405780468807836,1.21891402992159e-17,1.04704823373304e-18
"293",0.231174285199572,0.587036959174467,0.166665338694057,4.01146246297185e-18,0.0151234169319038
"294",6.60797594948959e-18,0.947012248518964,0.00107031281972048,0.000105555017035887,0.0518118836442798
"295",0.255270156075556,0.541560381090372,0.188693590373054,0.0143704209045766,0.000105451556441346
"296",0.234249076515753,0.32327325578334,4.20254682674121e-17,0.442477667700907,2.77555756156289e-18
"297",9.09272847507125e-18,0.734600257381936,1.52854208224175e-17,0.265399742618064,1.96525518368642e-18
"298",0.11424706431827,3.60673142899373e-17,0.000496633720317766,0.885256301961412,1.20294081436236e-18
"299",0.0266333073037755,0.421229349817578,0.185005251366217,5.3153301006117e-19,0.36713209151243
"300",0.420911337944692,0.399502080970111,0.00664291275113734,0.17294366833406,3.3222179402363e-18
"301",0.0691493818798366,0.432499364411297,0.18451069665208,0.024704444577259,0.289136112479528
"302",0.085346808557971,0.430987572953691,0.186586501700645,1.51856837532108e-18,0.297079116787693
"303",0.0531107078205121,0.509118746395055,0.134296812404952,0.303473733379481,1.45320547517649e-18
"304",0.114437535528986,0.885562464471014,1.71627982648551e-18,1.31148768880181e-16,5.80903060979415e-18
"305",9.99402127809138e-19,0.806765485965608,5.49997737212596e-05,0.00831408423541297,0.184865430025258
"306",0.0720993371886497,0.0848325525813218,0.158304618982696,0.194950645543916,0.489812845703416
"307",0.22640558161697,0.111418140122004,0.182421080107981,0.000467111282084964,0.479288086870959
"308",0.237116832567394,0.444404851244041,2.03256416599276e-18,0.27437009655257,0.0441082196359954
"309",2.77555756156289e-19,0.79012072238729,0.087802409165608,1.82764566510079e-17,0.122076868447102
"310",2.20899450148613e-18,0.218665099804369,4.94761578481594e-18,0.589797829667301,0.191537070528329
"311",0.350085131333164,0.460912837831076,2.3784340086218e-18,0.0430294687091582,0.145972562126602
"312",5.89298003928797e-18,0.632871267232853,0.18903316236624,0.164661671999316,0.0134338984015906
"313",0.150805930682072,0.117053121252555,0.156883532350271,0.0481446843205142,0.527112731394588
"314",0.21178452581492,0.0506261872335855,0.0773016488626224,0.660287638088872,4.33680868994202e-19
"315",0.066674276157943,0.921145796084456,8.38967237332311e-06,0.00332728643997974,0.00884425164524747
"316",0.2110573263624,0.45766961514141,0.0244369433306435,0.282775314368799,0.0240608007967476
"317",0.111453617966038,0.0831563577502128,0.183332141823611,0.125223952133046,0.496833930327092
"318",6.45784393595768e-18,0.369528057775378,0.0834062270976919,0.54706571512693,9.32301841633008e-19
"319",5.15963343687573e-17,0.904777317193781,0.0197636876349091,3.27638728773904e-18,0.0754589951713103
"320",0.30077996039805,0.0915139275827137,0.0203192047910426,0.179960874099363,0.407426033128831
"321",3.42223813417899e-18,0.599569605211461,0.0804227173296802,0.246377395819354,0.0736302816395051
"322",0.334121562497691,0.286364936057689,0.0824166290490592,0.252219766308814,0.0448771060867467
"323",0.0129926701021743,0.577608860026175,2.04961894557995e-17,0.40939846987165,1.17329071794438e-18
"324",0.0509342849643477,0.637130788087471,0.311934926948182,9.39493531193676e-18,1.51549181196648e-18
"325",0.00636553902722944,0.451664235872659,0.326863979737818,0.198443491261464,0.016662754100829
"326",0.0476529902349183,0.516553430014437,0.00208101769496158,0.417436171376065,0.0162763906796184
"327",1.94787302641524e-17,0.921081528071727,0.0743362846752297,0.0045821872530429,2.76222929965396e-18
"328",0.419231043805743,0.256703617196001,0.00047036897238676,0.32359497002587,1.73897677475816e-18
"329",0.223333461119183,0.0533321863597666,0.155679327048142,0.0895398601333049,0.478115165339604
"330",0.216577157974023,0.430414742167616,0.0930393896497294,0.259968710208632,1.49578700520269e-18
"331",0.0030918276734067,0.753957897194976,3.64371794555282e-18,0.0995064177297723,0.143443857401845
"332",2.90125876818625e-18,0.803834595387,0.0102877327455948,1.14347096393958e-16,0.185877671867405
"333",0.76680254576894,0.186048569294975,0.0467057929491134,1.02500439447492e-17,0.000443091986971844
"334",0.430971177956268,0.455505418228658,0.00915415560632548,5.89977365931222e-18,0.104369248208748
"335",0.0970368829560268,0.233925265630001,0.11333541936924,0.23357155747618,0.322130874568552
"336",0.289872925108493,0.00187516645253013,0.0108264355121598,0.691455200277564,0.0059702726492531
"337",0.109256341464933,0.62001543379376,0.00444249506873091,0.23656547481251,0.0297202548600666
"338",2.38512471080593e-17,0.799324931060097,9.17181177896574e-19,0.064856808647264,0.135818260292639
"339",0.147443902998203,0.145854156185347,0.149081891203539,0.274315570172249,0.283304479440662
"340",0.235541054519197,0.0108543479296548,0.0133001025334315,0.714157485671588,0.0261470093461285
"341",0.15985566832863,0.353557572995054,0.018368536754907,0.468218221921408,3.29117130127833e-18
"342",6.62711396654675e-18,0.325220919934258,0.0069874302207795,0.642668130743275,0.0251235191016873
"343",0.00583229040075323,0.618982811528808,0.336800645581602,3.63475723572289e-17,0.0383842524888367
"344",0.00725182943423052,0.171059390442713,0.189594733887479,0.101817291675932,0.530276754559645
"345",0.241261954342348,0.452800851772598,0.0208408911884835,0.244521137750901,0.04057516494567
"346",0.00270085526046586,0.223760599693961,0.0454769145783778,0.503963354094553,0.224098276372642
"347",0.0331072321151354,0.538366541044096,0.139074630240554,0.227170386647093,0.0622812099531218
"348",0.0756676965488315,0.614019365194931,0.253856614388914,0.056456323867324,1.11022303022457e-18
"349",0.0567870083186835,0.544588042547445,1.34474547296962e-18,0.398624949133871,1.4480440831157e-17
"350",1.53536677280357e-18,0.514643874567018,0.133564179121986,0.302513947132863,0.0492779991781335
"351",9.40589957735799e-19,0.899903578182362,0.0763965058107003,0.0236999160069379,4.36810653783231e-18
"352",6.93889390390723e-19,0.427695388047247,0.0814345504010675,0.292351448606413,0.198518612945273
"353",0.0823241421968121,0.481088158021819,0.000173344352844559,0.43620423223603,0.000210123192494893
"354",0.0767776389720411,0.813391170187032,0.000889573863422371,0.108941616977504,3.90861667917687e-18
"355",0.364111794902495,0.0182008464552852,0.201008283479843,0.416679075162377,3.18603019413659e-18
"356",5.51109356034666e-18,0.413387955897615,0.370407561485779,0.0063174125719708,0.209887070044635
"357",0.295678204744761,0.704321795255239,6.8242077874093e-17,4.03118463437236e-18,3.83505131768073e-18
"358",0.0715030425630739,0.550424216687195,0.164160616748812,0.21391212400092,2.09514670015075e-18
"359",0.388411800185897,0.219660203971317,0.183585572928823,0.09325723235354,0.115085190560422
"360",0.297386875592284,0.629210568200868,0.0734025562068482,2.77555756156289e-18,9.22842953430407e-18
"361",0.448181569140644,0.0614579621997683,0.126904020771216,0.363456447888372,1.52655665885959e-18
"362",0.067895517004889,0.108435064813934,2.70243646672946e-19,0.823669418181177,1.2610305828773e-17
"363",0.110649678413365,0.866795962448366,4.35860565104116e-17,0.0225543591382695,7.1169661447272e-19
"364",0.290907260963449,0.599139648319196,0.0327244478427885,0.0310615102972972,0.0461671325772691
"365",0.197847426835277,0.184764325368331,0.14083271916086,0.0291388919104627,0.447416636725069
"366",0.158742891284015,0.212124358966774,0.160261300564902,0.256379368873873,0.212492080310437
"367",0.274478175303143,0.553325575831504,0.0825418920438509,0.0896543568215017,1.67471948972361e-18
"368",0.0146008151531774,0.535062265503148,5.23281524475578e-18,0.450336919343675,1.94882997710141e-18
"369",0.206156740232254,0.483432829399744,0.0111375944671246,0.299153926735707,0.000118909165169807
"370",0.194276666283102,0.0336859656173455,0.201218726337839,0.17803875480793,0.392779886953784
"371",0.178269839712378,0.120313339485488,0.233134700384678,0.169709632502318,0.298572487915137
"372",0.252033109526252,9.15075971214871e-18,0.227727279265548,0.517549211065291,0.00269040014290874
"373",0.357526934553764,0.235489749983871,0.194995251195228,0.000125805085710733,0.211862259181427
"374",0.245530057649991,0.271593907456093,0.00340033556982089,0.479475699324095,1.12427384313886e-17
"375",0.30281392249596,0.330574909153393,0.191228806293145,0.175382362057502,9.71445146547012e-19
"376",0.00742529295182985,0.895054640372926,4.68003666098814e-05,0.0298506273948779,0.067622638913756
"377",0.000873643364926459,0.0378750164681049,0.0411658063289883,0.772720451047918,0.147365082790062
"378",0.0970466950927342,0.314402979989686,0.228026761181498,0.0604584677459281,0.300065095990154
"379",0.234293117270084,0.736266668728941,2.51676503095164e-18,0.00819551662238576,0.021244697378589
"380",0.0226078545582022,0.551750651787776,0.089991051972858,0.107399002238752,0.228251439442412
"381",0.0627817949909662,0.733995948171821,0.124284688696188,0.00532463783127323,0.073612930309751
"382",0.25334180925686,0.716024490554592,0.0306337001885482,4.80933757573843e-17,2.92140628823686e-20
"383",5.91576237854417e-18,0.902601423749942,7.72411565077091e-19,0.0554136005385307,0.0419849757115274
"384",0.124311300224289,0.14420276844364,1.5367230446047e-17,0.731485931332072,4.38647066602579e-19
"385",0.197441833465044,0.125413617742043,0.265080590392738,8.32667268468867e-19,0.412063958400175
"386",0.241682198502119,0.745796326742423,0.00261990698405043,7.82403902137914e-18,0.00990156777140741
"387",0.0272278648293852,0.649716659922077,1.18081366626833e-17,0.29105766598074,0.0319978092677973
"388",6.28562807465668e-06,0.415916000424676,0.277795155264407,0.305027428495123,0.00125513018771947
"389",0.607099343916496,0.13904012426614,0.00160545771075962,0.25168754753357,0.000567526573034032
"390",0.172580601090423,0.0601691752984734,0.111419069978896,0.559910445095563,0.095920708536645
"391",0.0020112425365299,0.974980184439806,0.00186385412852388,0.010558246441041,0.0105864724540995
"392",0.170150880589989,0.549909595645486,0.00136617329109167,0.143804988914133,0.134768361559301
"393",0.0233286863178957,0.375862369596013,0.00914990327303801,0.591184958226845,0.000474082586207839
"394",0.0787211407891779,0.0674398401053782,0.22121986900786,0.0924101837071993,0.540208966390385
"395",0.531118315762102,0.325619982218588,0.060329598804249,0.0806716362228222,0.00226046699223907
"396",0.511401937718478,0.0534350293843125,0.00870816902143914,0.408841837320723,0.0176130265550481
"397",0.0217124111048977,0.898901406239248,0.0710940362722859,0.00829214638356812,1.79160992304765e-18
"398",0.000949545835644794,0.766471906273147,0.0134892139057015,0.219089333985507,9.88617121176216e-19
"399",0.224111354477953,0.291646018365014,0.0576768170926712,0.382760256780927,0.0438055532834363
"400",0.496810342017202,0.168126270164486,0.00720402388092635,0.141636098850319,0.186223265087068
