"","V1","V2","V3","V4","V5"
"1",1.66533453693773e-18,0.31934017397125,0.0782644138310968,0.290599157035782,0.311796255161871
"2",3.57436097566713e-18,0.76566033571016,0.233894226421365,0.000445437868475255,1.35827386033585e-17
"3",0.217507602421265,0.620458843585917,0.138524806353813,4.23520352819188e-18,0.0235087476390047
"4",0.07324213097375,0.520778196865119,0.00855506917708034,0.26764512676271,0.129779476221341
"5",0.0970107760091706,0.116352684586432,0.212862122165101,0.0435311927154836,0.530243224523812
"6",0.452670108293645,0.471606277120979,0.00522649573610445,0.0385743287800647,0.0319227900692066
"7",3.95058037659113e-17,0.609073255323206,0.000714973199609913,0.390211771477184,3.5921918571005e-18
"8",0.0271783340435673,0.469491723523577,0.0926066582038346,0.344513268890073,0.0662100153389485
"9",0.176430626899566,0.597000640030552,0.226073104380359,1.25760710619871e-17,0.000495628689523372
"10",0.300830134248907,0.460185768084886,0.00118761106903338,0.127511689124446,0.110284797472727
"11",0.000976891113476307,0.439880105958954,0.00177062372576651,0.557372379201804,2.66484152236942e-17
"12",7.92563972291824e-18,6.97001891362681e-17,0.29734478978316,0.70265521021684,2.20145687127041e-17
"13",0.0566429192537358,0.466016911653524,0.199662497142185,0.137111345085015,0.140566326865541
"14",0.211883119442358,0.0100410242714799,0.156946099069105,0.164188246082639,0.456941511134419
"15",0.145691380772454,0.0491109210057375,0.15004489964694,0.172705560763271,0.482447237811597
"16",0.110571800732957,0.0392688365129987,0.195296735093006,0.111332422830752,0.543530204830286
"17",0.000663606412032515,0.351208287226248,1.16113393304606e-17,0.648128106361719,2.3784650183359e-18
"18",0.114096469691863,0.312715072574695,0.210273562184029,1.11022302462516e-18,0.362914895549413
"19",0.055728271615368,0.355997950829937,0.0197577380139538,0.0193812000899939,0.549134839450748
"20",0.168919699828719,0.228963441516997,0.142072207587194,0.103994080867179,0.356050570199911
"21",0.441997267698936,0.516034066339593,0.00507374189669743,0.000297135087976015,0.0365977889767975
"22",0.13176401522728,0.823632319638049,2.14912134215503e-18,0.00548094748738652,0.0391227176472842
"23",0.174631524976362,0.286447850258064,0.00481284574182944,0.534107779023744,5.76236510546838e-18
"24",0.115876949124301,0.82076641787581,1.43181437201295e-18,0.0633566329998895,3.64760511874291e-18
"25",0.0144939195088663,0.594081802447451,6.4564457096251e-18,0.163345441873896,0.228078836169787
"26",1.26422412529708e-18,0.828977752178565,0.140542362166765,6.38162872188727e-17,0.0304798856546706
"27",0.185290623457742,0.382073263037484,2.63343948247558e-18,0.432474097001557,0.000162016503216767
"28",0.202868166032376,0.211842083827581,0.155468119405752,0.0259979341415518,0.403823696592738
"29",0.0957037936553566,0.7727511889984,0.111020895083012,0.000952957674238455,0.019571164588993
"30",0.111100186737127,0.0443756935330664,0.19699804419179,0.109315802368093,0.538210273169923
"31",0.164025018357179,0.782666501595748,0.0123926823783243,0.040915797668748,7.49735534228321e-19
"32",0.114348496887947,0.345431958975706,0.110490981103151,2.22044604925031e-18,0.429728563033196
"33",0.109722563845957,0.20526853456759,0.147680551003315,0.0785994655119346,0.458728885071203
"34",0.00633705237972797,0.0527256620985639,2.11169165710376e-18,0.756258635056058,0.18467865046565
"35",0.0597713821396943,0.601573854544747,4.18268883678413e-19,0.187501348111148,0.15115341520441
"36",0.496078980262725,0.134933635898317,0.0278888736304066,0.341098510208552,6.82641390892355e-19
"37",0.110921200480136,0.179992268566116,0.156514249490931,0.0975274955366199,0.455044785926197
"38",0.441783771507733,0.416091339492499,0.0457651212902323,0.0963597677095361,8.85924678797923e-19
"39",0.0292821099628371,0.523968247430812,0.118240467862752,0.297630472775386,0.0308787019682122
"40",0.364841614228191,0.559271229374566,8.82134865849916e-18,0.075887156397243,5.55111512312578e-19
"41",0.121833956836678,0.0321387631681379,0.202652603608766,0.106081956139314,0.537292720247104
"42",0.0033353674411915,0.237701270192852,0.21394997064618,0.102183590112242,0.442829801607535
"43",0.40215009741048,0.286266194266898,0.00739302625758184,0.295763789573181,0.00842689249185921
"44",0.238910817530853,0.518318006449519,0.00272645587007975,6.2455916774173e-18,0.240044720149549
"45",0.418804147155268,0.133535656884029,0.0878097740765075,0.179064418094573,0.180786003789623
"46",0.0953775068380404,0.487137206825601,0.0069429238414936,0.410542362494865,3.14460722626944e-18
"47",0.0341591539359936,0.7228737520295,0.242967094034507,1.50914479439231e-17,2.88836812114882e-18
"48",0.403140729634032,0.0628135704092457,0.154669668698137,0.0964367764480637,0.282939254810522
"49",0.257998826345206,0.0715295633973004,0.00591734968919302,0.644389375862463,0.0201648847058379
"50",0.0561053784658839,0.424038667792209,0.154093807285813,1.11022302462516e-18,0.365762146456094
"51",0.0160701859393644,0.551972968724619,0.00295188648077157,0.418517299979464,0.0104876588757814
"52",0.286613868704837,0.217549720055333,0.0866168833706701,0.40921952786916,5.55111512312578e-19
"53",0.227056569199905,0.442891072716482,0.0600476394023383,0.14353776816999,0.126466950511284
"54",0.025901635884514,0.428155664702234,0.30881869196876,0.135775935234498,0.101348072209994
"55",0.145383403777375,0.379519060248311,0.111121861660286,0.122391244395112,0.241584429918915
"56",0.0976159398222706,0.472015732184546,0.168303841612083,1.71437886778774e-18,0.262064486381101
"57",9.44961893535268e-19,1,1.47224358920645e-17,2.35079526127329e-17,3.44935456236353e-17
"58",1.08763757940203e-17,0.60270331337875,0.00879789834084862,0.382985700907447,0.00551308737295454
"59",0.10456520709812,0.383123231546536,7.63278329429795e-19,0.160919863696342,0.351391697659002
"60",4.43335708590814e-18,0.351585334236163,0.00150362183842049,0.41406674622224,0.232844297703177
"61",0.0554030447911097,0.406864607483325,0.005586809480474,0.257268493057903,0.274877045187188
"62",0.027570398845769,0.707400141603231,0.265029459551,5.65015386174595e-17,3.83881101276682e-18
"63",0.251575491188995,0.422522279841657,5.55111512312578e-19,0.234692882042888,0.0912093469264602
"64",1.38672085492398e-18,0.842772107522166,0.113508919467074,0.0437189730107599,3.66020746317785e-18
"65",0.384852164125917,0.479395028578374,3.05810372326974e-17,0.135752807295709,2.99537880996701e-18
"66",0.132569342529713,0.178744196509196,0.103847430814644,0.176089822865991,0.408749207280457
"67",4.75053259627981e-18,0.821746284406114,0.00874892155537138,0.118043902490845,0.051460891547669
"68",5.66933675097181e-19,0.810475087194134,2.9182832452492e-18,0.189524912805866,1.87500128151743e-18
"69",0.195783508082861,0.305224743277186,0.0315995912267242,0.467392157413229,1.23801802067974e-18
"70",0.062590156386095,0.634430047030288,0.0527022896668947,0.250277506916722,4.6077787951337e-19
"71",0.0974632303194585,0.469656528822548,0.169195754918689,4.20490513290957e-18,0.263684485939304
"72",0.463072297350161,0.231113814111118,0,2.0035637386903e-17,0.305813888538722
"73",0.0116713718659849,0.183586603646657,0.166916879677529,0.232167805650436,0.405657339159394
"74",1.48525295859638e-18,0.905414074842716,0.00979943324807397,0.0539658709651028,0.0308206209441073
"75",0.000454053759528709,0.212294415835412,0.192864668628983,0.456714817988291,0.137672043787786
"76",0.737691721247133,1.33527746202405e-17,0.0290734483331862,0.233234830419681,5.55681341151013e-18
"77",0.000155226179596986,0.356510804045852,6.47530954858154e-18,0.643333969774551,1.93736937090897e-18
"78",0.350064989485208,0.489827511724481,3.33630748669105e-18,0.155841362749879,0.00426613604043175
"79",0.152340524863438,0.25364662463638,0.0834515164162564,0.138632500127626,0.371928833956299
"80",0.00513698935394733,0.409518197096997,0.0825606290505042,0.14753868331723,0.355245501181322
"81",0.434905542143632,0.448017967043382,0.106148090407938,1.93098957083537e-17,0.0109284004050479
"82",1.89165542498575e-17,0.710740575376471,0.171272661562826,0.101834837004694,0.0161519260560092
"83",0.288225201428265,0.601982622597772,0.00610665261318067,0.00227263419375903,0.101412889167024
"84",0.219596128406553,0.331379372795144,0.00979266000066286,0.43923183879764,3.83412946818175e-18
"85",0.280209881393715,0.488452044543934,1.05761611947345e-17,0.0514796915312947,0.179858382531057
"86",0.0962829505026755,0.868501035672066,0.000719314457114771,0.0213291953093333,0.0131675040588107
"87",0.212935006069881,0.196749122827992,0.264093717966748,2.22044604925031e-18,0.32622215313538
"88",0.0958349676985021,0.319541443918683,0.00272903372157891,0.261299318412121,0.320595236249115
"89",2.01310260469549e-18,0.756224539375734,0.123590991870547,0.107622759860093,0.0125617088936258
"90",0.103273282060691,0.337422881941351,0.18431410164445,0.000350855582710645,0.374638878770798
"91",2.71210852571197e-18,0.383418849605857,0.0663748183786251,0.161940815678973,0.388265516336545
"92",0.0542359692036269,0.162049264169904,0.187270818262088,0.158446533646105,0.437997414718276
"93",0.21112837555667,0.224013812280966,0.00371235619293404,0.160344628618832,0.400800827350598
"94",0.000317342650043993,0.092391896255565,0.0533405805095927,0.551026911631816,0.302923268952982
"95",1.05925420143423e-19,0.395124941757228,0.210672252320265,0.348744416037785,0.0454583898847219
"96",2.03569123587736e-18,0.150448514063675,0.0198400516973672,0.458641330644284,0.371070103594674
"97",9.57810976374315e-17,0.601393147233249,1.36673028512802e-17,0.398606852766751,0
"98",0.0163763968451021,0.460174336370509,0.000661452746591913,0.521701201855963,0.00108661218183383
"99",8.3123133262922e-18,0.659368476330643,0.247576516005522,1.16029979598697e-18,0.0930550076638357
"100",6.51473032929512e-18,0.949559016313459,0.0401484979416927,1.60057976841951e-16,0.0102924857448481
"101",0.116238658732024,0.229805698630851,0.367267482652354,0.286688159984771,1.11022302462516e-18
"102",0.791913670796692,0.20793176353235,3.01153763934443e-18,3.40591114353569e-17,0.000154565670957321
"103",0.35494189871998,0.497181136519919,0.00484506178583499,0.104564320799463,0.0384675821748034
"104",0.10810212859617,0.778939304375752,0.112958567028078,1.38777878078145e-18,5.96978756790939e-18
"105",0.614066125360915,0.248012473276399,0.137855124184281,6.62771784045136e-05,1.59993883658694e-18
"106",0.251490717669152,0.335867844853551,0.136072160200476,0.27656927727682,2.22044604925031e-18
"107",0.0226766205995186,0.518226317414379,0.125278849819369,0.153464659579911,0.180353552586823
"108",0.152298463875697,0.0792382075479842,0.177808674004006,0.107481432012205,0.483173222560108
"109",1.63928201237768e-18,0.568896283761585,1.41013381106943e-17,0.431103716238415,4.7205688866155e-17
"110",0.139922562948377,0.419343111620978,5.55111512312578e-19,0.116658192375968,0.324076133054677
"111",0.297689458420076,0.417818915199005,0.137204585357325,0.101204372248519,0.0460826687750744
"112",0.118356955577883,0.743018643150726,0.114377494609496,0.0236228531763823,0.000624053485512721
"113",5.84214550314557e-18,0.139532864206185,0.0487900781710511,0.810772339709153,0.000904717913610781
"114",0.0154621692747776,0.32943733867767,0.0699494149895108,0.575928103686986,0.00922297337105557
"115",0.162246367822277,0.242433637582335,0.11086433104705,0.291840692005178,0.19261497154316
"116",0.0899590663888742,0.22648054784791,0.107271287342882,0.166231271460376,0.410057826959959
"117",0.433383881313131,0.561566371418298,1.27186226968583e-17,2.13381062424245e-05,0.00502840916232905
"118",0.000339658558581031,0.485885359968996,0.0901812394565291,0.42235000466496,0.00124373735093332
"119",0.000994310100468304,0.739907728097984,0.120121759004334,9.19016797561565e-18,0.138976202797213
"120",0.0861832122247404,0.088476959717561,0.194440083641156,0.103687212352805,0.527212532063738
"121",0.122413269640532,0.0414216614086047,0.195436626761641,0.111809512067739,0.528918930121484
"122",3.85745216516795e-19,0.998598303941274,7.77778626809245e-18,0.0014016960587262,3.18751258570676e-18
"123",0.165340536553863,0.296562149912438,0.273607369947848,0.00599361392366854,0.258496329662182
"124",0.0957985618134322,0.0250605078942757,0.182124150377282,0.69701677991501,5.54284616282794e-19
"125",0.00355217728942246,0.376286084930837,0.164567676562797,0.454739026603631,0.0008550346133122
"126",0.222300084837155,0.120921111830272,0.055264133906069,0.219110630701723,0.382404038724782
"127",0.297704323828778,0.0857164669685042,0.351573161680895,0.25249187020356,0.0125141773182622
"128",0.103382063066113,0.0694492061519551,0.198933407647575,0.158448410658334,0.469786912476022
"129",0.138245795915482,0.770996248420461,0.0905526060685923,1.74805629126742e-17,0.000205349595464681
"130",0.163194400516891,0.319867159566201,0.00852848164322977,0.251286457820555,0.257123500453124
"131",0.147055234334252,0.00966121258351083,0.18046937459711,0.294049695110214,0.368764483374914
"132",8.32667268468867e-19,0.416563319122712,4.85134930493035e-18,0.4071926981747,0.176243982702588
"133",0.121629545238052,0.694139899164807,0.155987350664386,2.73627676249305e-18,0.0282432049327559
"134",0.177522110802266,0.341302097650125,4.86825106559603e-18,0.0525682525249543,0.428607539022655
"135",0.196822893700058,0.708680766327174,0.0411006758071115,0.0448437753007564,0.00855188886490063
"136",0.109202745583321,0.0386050576436964,0.195905843153627,0.111606923123889,0.544679430495467
"137",0.0355259023138375,0.904408741311707,1.60242041336103e-18,0.0600653563744554,7.11617592770032e-18
"138",0.202767990912128,0.516391654136481,0.28084035495139,1.02228764726987e-17,1.63833629846903e-18
"139",0.0683737398622021,0.839698610995213,0.000400978511526359,0.0835216736957159,0.00800499693534264
"140",0.105382627146489,0.40455982972687,0.118723792594909,0.000428888564865005,0.370904861966867
"141",0.145534435416726,0.703463230890635,0.0270774632177195,1.11022302462516e-18,0.123924870474919
"142",0.466983591670696,0.533016408329304,8.77320821873279e-18,2.22044604925031e-18,1.13478223582469e-17
"143",0.174726094471822,0.213567035927377,0.115456569833442,0.0868234599300998,0.409426839837259
"144",0.120243077543622,0.0726662690147502,0.174965140434257,0.109549980575598,0.522575532431773
"145",0.150378971585969,0.794364877968374,1.66291056188211e-18,0.0011200302690983,0.0541361201765586
"146",1.22877477334957e-17,0.61079353265183,0.0825533058654869,0.306653161482683,1.39472949090714e-18
"147",0.0865036153853619,0.228935707025766,2.21893767197451e-18,0.563068522688977,0.121492154899895
"148",0.244558207996686,0.543735001540883,0.00222322731532106,0.209483563147109,2.47419921820522e-18
"149",0.100304549851493,0.070081952634993,0.188021898640714,0.10074948283096,0.540842116041841
"150",0.426680196775668,0.452784230435553,0.000151861829111149,0.120383710959668,4.40082779696992e-18
"151",0.0233752569606037,0.780929198887063,0.175820751037212,1.23149841847211e-18,0.019874793115121
"152",0.0911489929318273,0.296844558839429,0.281691514356894,0.324280719042363,0.00603421482948639
"153",3.50100870020609e-19,0.716082830899278,0.184505261373972,0.064407287014306,0.0350046207124439
"154",0.295880326257268,0.436173667207196,3.61840825466392e-17,0.196396649268902,0.0715493572666336
"155",0.0520637438456252,0.771556730199331,0.162038749271575,0.00049087708380715,0.0138498995996619
"156",0.427537265370733,0.456913251967984,7.45888475927604e-18,0.115549482661283,4.28752220659328e-19
"157",0.260770223640342,0.702803897463307,0.00975978280778418,2.29863053669036e-17,0.0266660960885665
"158",0.00492722217143985,0.655394103943493,0.0418329008196858,0.172340383993093,0.125505389072289
"159",0.371784965186266,0.0210149884445882,0.101790226308725,0.498297749211996,0.00711207084842525
"160",0.172304278130175,0.416909323498027,0.16466092286085,0,0.246125475510948
"161",0.355421620307338,0.489929530526977,0.154648849165685,1.22998952437339e-17,6.93889390390723e-19
"162",5.25695686043652e-05,0.460083169075947,0.216810002585886,0.0193997692876881,0.303654489481875
"163",0.201603937387411,0.000264788890453512,0.229919250064517,0.104564715690846,0.463647307966772
"164",0.303459700786137,0.605785200357,5.28085715480033e-17,0.0907550988568633,6.90949532996844e-19
"165",0.490890690030029,0.167283928744311,2.22044604925031e-18,0.293767765171647,0.0480576160540139
"166",0.167401371023399,0.520753294101719,3.9339117852588e-18,0.0481302752122588,0.263715059662624
"167",0.0233231655388048,0.72396683410476,0.0156031239602361,0.16752433368876,0.0695825427074396
"168",0.0711418854651043,0.433476865583498,0.159712327395533,0.150748060325776,0.184920861230089
"169",0.279716278152053,0.353869718163428,0.0255534109209474,0.147591823254325,0.193268769509246
"170",7.64520063892832e-17,0.967271059290729,0.0277091471421829,1.99006787780471e-18,0.00501979356708772
"171",0.0104839013842777,0.543307448672282,0.302962692591459,0.00733513732023989,0.135910820031741
"172",0.283565841747211,0.525132791607138,0.190581431681842,4.06025454103426e-18,0.000719934963808741
"173",0.169896275094902,0.767097680398952,0.00899713410090501,0.0533557608733602,0.000653149531880882
"174",0.187211667860412,0.812788332139588,1.38777878078145e-19,5.53416528911182e-17,3.06171920607558e-18
"175",0.0961037610467553,0.409376732677636,0.000390163726622424,0.455415435618177,0.038713906930809
"176",7.83191200900567e-18,0.771513645164063,0.0130007824711698,0.212335897212764,0.00314967515200322
"177",0.153811329025761,0.209453686440247,0.175812875160306,0.051111351272853,0.409810758100834
"178",0.135263491143278,0.190055749364023,0.182023152125153,0.0113360034360399,0.481321603931506
"179",0.108502705722048,0.047088948589839,0.196601120194193,0.108230664234211,0.539576561259709
"180",0.0571359659116916,0.095840255875687,5.19428194968853e-18,0.846898688204378,0.000125090008243815
"181",0.110178594777487,0.107589234079791,0.219631672217928,0.0369366265799753,0.525663872344819
"182",8.75249308119381e-18,0.382766923682763,1.8182783868983e-17,0.50714616839471,0.110086907922528
"183",0.236079258614237,0.360986473204364,1.94849403400292e-18,0.402934268181399,8.80164982062788e-19
"184",0.00082947986313702,0.30354466762446,0.0141721342977165,0.6808683289995,0.000585389215186202
"185",8.1889011275552e-18,0.880695633533683,0.119304366466317,7.87294186839774e-18,1.48296881922185e-18
"186",2.24473120836275e-17,0.728607725052949,2.77555756156289e-19,0.177415640857191,0.09397663408986
"187",0.372066749587283,0.314914637794644,0.284385019211007,0.0286335934070654,1.15435738527093e-18
"188",0.0945790253042358,0.113466798035842,0.193972677465487,0.112727449649633,0.485254049544803
"189",0.183974816137634,0.674465524995233,0.136318153869086,0.00524150499804661,3.11742885424783e-18
"190",0.270476678343369,0.729425774023304,9.72297671675099e-05,3.17866159761948e-07,2.01507528919102e-18
"191",0.128066290029652,0.119653471905263,0.16614398207796,0.123651538856363,0.462484717130762
"192",0.361143545430081,0.258608426059944,0.14222372858432,0.238024299925655,1.38777878078145e-18
"193",0.205887676607238,0.68147086256315,0.0405200545503559,0.0721214062792564,1.78563732386091e-18
"194",0.320138844257772,0.117527259474395,0.119450732854652,0.280430703522148,0.162452459891032
"195",0.489680512941082,0.0230181268278259,0.000496182206617412,0.344226784335506,0.14257839368897
"196",0.179496478604514,0.351718325872209,0.0152927389722081,0.453492456551069,3.67101889855002e-18
"197",0.177827485617557,0.0613497906118343,0.207920608398692,0.0356077005680986,0.517294414803819
"198",0.0734351195461296,0.730788159489146,6.18299858105617e-19,0.0482409932182737,0.147535727746451
"199",0.137943571604456,0.470148507193163,0.122502268224908,7.92193160853946e-19,0.269405652977473
"200",3.87837555493751e-18,0.59164955901525,0.0277713614726768,0.380579079512073,5.48867552378949e-18
"201",0.176350081412174,0.498434755792822,0.031913819106804,0.210510908006077,0.0827904356821229
"202",3.62129089904975e-18,1,1.67971743639623e-18,8.56874686256193e-17,9.73827669682102e-18
"203",0.201432865713364,0.53711331649734,0.107017675589385,4.44089209850063e-18,0.154436142199911
"204",0.000432966903347265,0.247052393281288,0.340037748389064,0.0999418323681741,0.312535059058127
"205",2.61762587932443e-17,0.711083508365228,0.180273295765513,1.11022302462516e-18,0.108643195869259
"206",0.0481332818403752,0.423357779896787,0.0849035669554468,0.124366472844475,0.319238898462916
"207",0.0962303269488409,0.480022498009811,0.0984751264012532,0.324605711088294,0.000666337551800434
"208",0.0523202924136126,0.630593646504555,0.0811867191185847,0.235899341963248,2.9498301207489e-19
"209",0.109957511941823,0.334458617698487,0.126832192672853,0.414947285858099,0.0138043918287372
"210",0.0582882129032762,0.140799188147044,0.165816625933226,0.154654139401302,0.480441833615152
"211",0.111820972925385,0.291494609200641,8.77465557532148e-18,0.596684417873973,2.64222970277819e-18
"212",0.227675497293751,0.0832420940190967,0.122374997735503,0.208676054162116,0.358031356789533
"213",0.276628347332814,0.664163709600118,0.0592079430670683,3.86195630368723e-17,5.55111512312578e-19
"214",0.0447052896584764,0.663557449371422,0.0752746961802009,0.0344138713390019,0.182048693450899
"215",0.152893796468619,0.271394131457616,0.137441396362408,0.150382967131319,0.287887708580038
"216",0.039749377829932,0.929985367086689,0.0276347983017751,0.00173543281895935,0.000895023962644667
"217",0.346119868690785,0.260110305995757,0.11099695999898,0.0631561029239979,0.21961676239048
"218",0.279776411412663,0.627244529941308,7.06573361681754e-20,0.0900726549810045,0.00290640366502398
"219",0.123669528365323,0.487374781223435,0.0788809431589913,0.0221606785044044,0.287914068747847
"220",0.000237639980261906,0.556913301226829,0.272295415476709,0.170553643316201,9.02217347135499e-18
"221",0.508325522388536,0.366535719016575,0.0637251586448846,0.060620943071314,0.000792656878690847
"222",0.120566912940903,0.0340893798404068,0.195185131011174,0.112390393610506,0.537768182597011
"223",0.0105618812457629,0.872205241177924,0.00179702892726031,1.53252348924453e-17,0.115435848649053
"224",0.209346846176187,0.321868308228512,0.000854719150317569,0.430070847949456,0.0378592784955273
"225",0.0979834270107873,0.0801746694765289,0.194386110977287,0.0799076855460252,0.547548106989372
"226",0.0484265035290281,0.316801084037334,0.193243383797711,2.44362542616696e-18,0.441529028635927
"227",0.41982983482705,0.292025407036448,0.0327633446756989,0.255381413460803,1.11022302462516e-18
"228",0.115300706190854,0.759303325123848,0.0692363637801319,0.0561596049051666,3.41229415011385e-18
"229",0.125469069669555,0.304337980561521,0.142454243754977,0.330255487315956,0.0974832186979916
"230",0.347027673329991,0.275084270553242,0.139855728743479,0,0.238032327373289
"231",0.0353102235888585,0.288230906496421,0.187985587971783,1.38080783527348e-17,0.488473281942937
"232",0.16835062795729,0.735499688676775,4.2611324008843e-18,0.0961496833659347,6.93889390390723e-19
"233",9.85526840579654e-17,1,4.274815085944e-17,1.66257009638456e-17,4.16333634234433e-19
"234",0.114226421759962,0.0808057664529397,0.163161143352497,0.25375419944287,0.388052468991731
"235",0.00117578759302168,0.993889577953004,0.0029669098887921,2.042157904285e-17,0.00196772456518215
"236",0.368720578979693,0.373414915975113,6.84794687119186e-18,0.245076107695505,0.0127883973496889
"237",0.0106286938077451,0.743635148505099,0.245736157687155,3.8660317628077e-17,4.6964451201266e-19
"238",0.150827310171637,0.605636605871439,0.211119076371159,0.00325692016576886,0.0291600874199963
"239",9.51028121655326e-19,0.533786811388065,0.0144383103204877,0.451774878291448,3.97317938661739e-18
"240",0.22649134188132,0.243031941761297,0.158672572653803,4.44089209850063e-18,0.37180414370358
"241",0.135343053262463,0.477835659073778,0.102989724214155,0.283224207170998,0.000607356278606121
"242",0.107412350741044,0.0396885716242641,0.195987630881258,0.111396418608872,0.545515028144561
"243",0.157820911392316,0.782444980941623,0.0597341076660608,2.77555756156289e-19,3.49572483747294e-18
"244",0.848378309059414,0.0526540214752191,0.00106835261231528,0.0978993168530512,3.74079355581416e-18
"245",0.205002546088376,0.571513215425356,0.0222563940242336,0.201227844462034,6.89418199909411e-19
"246",0.479621326038574,0.0300442080650779,1.25183772466997e-18,0.423538124978224,0.066796340918124
"247",0.309982338143281,0.580665861504357,2.18336562668882e-17,0.109351800352362,3.33457331533921e-18
"248",0.154643664085002,0.121766753940164,0.249172245489381,0.0513967259443912,0.423020610541063
"249",0.384964775700623,0.409348152553774,0.111781693304898,0.080980801562974,0.0129245768777313
"250",2.02736241382921e-18,0.746855692551642,0.236805455463308,0.00238915493523068,0.0139496970498191
"251",0.262389978870671,0.110326692068429,0.0925002764512476,0.202015083065547,0.332767969544106
"252",0.153222907953475,0.636276216309467,2.63367818017754e-18,0.20923810302535,0.00126277271170806
"253",5.55111512312578e-19,0.470001755605612,0.125745853658221,0.19065076242385,0.213601628312317
"254",0.0265763046546444,0.443308746472894,0.320376351239275,0.209738597633187,3.9398139003265e-18
"255",0.170788597498794,0.549132004318983,0.21820473485352,0.00171517304245979,0.0601594902862441
"256",0.0203164654014557,0.910830990343474,9.05756307168028e-18,0.0688525442550707,1.73511394614199e-18
"257",0.154032596088119,0.721752850208989,0.111236498531213,1.16129196729327e-17,0.0129780551716792
"258",0.464312683048707,0.535687316951292,1.50000353740475e-17,4.44054859630854e-17,1.64245965614337e-18
"259",0.00141410320002831,0.889684625950249,0.108835379689114,2.74141071047883e-17,6.58911606094486e-05
"260",0.115400318871744,0.175724181733587,0.172024043395258,0.186292495880092,0.350558960119319
"261",0.112258329289936,0.0386546687456214,0.191241093624662,0.167088677330966,0.490757231008815
"262",0.107589185985724,0.793922463128441,6.14103450965687e-05,7.74523440820776e-18,0.0984269405407388
"263",0.115042647933572,0.402097948534808,0.261211693959912,0.221554521960508,9.31876111994495e-05
"264",0.0246364968578022,0.174253971742469,0.12851034542342,0.269381823067441,0.403217362908868
"265",0.366888709995636,0.316735977198167,0.112569962085326,0.20380535072087,2.22044604925031e-18
"266",0.101133104348324,0.117068655121873,0.173962727479922,0.0603540536145048,0.547481459435376
"267",0.000171618308253777,0.294029880651323,0.190050883620538,0.395475462388323,0.120272155031563
"268",0.358033608176271,0.603825755845921,0.00086183281892357,9.27706849109835e-18,0.0372788031588849
"269",5.67447443982051e-18,0.434805408224023,0.149169778588788,0.410719480874323,0.00530533231286574
"270",2.64297009767255e-17,0.976164457672425,6.65934788000411e-18,0.0238355423275749,2.4811911828068e-18
"271",0.185196800083112,0.10856327908855,0.0797594482671726,0.146633447448678,0.479847025112488
"272",0.00910817896057646,0.526129262192509,0.00407814599105338,0.460684412855861,1.93735880185477e-18
"273",0.513020213078682,0.0350383678944236,3.91880447423127e-18,0.148601242717729,0.303340176309166
"274",0.237455882735542,0.0550630708256735,0.14241144980514,0.180733117048336,0.384336479585308
"275",0.581983851993161,0.101992782083476,0.053233296247449,0.262790069675914,1.65085585924881e-18
"276",8.86977853034637e-19,0.518073292058151,0.0543966018138296,0.426836757489253,0.000693348638766431
"277",0.223985816043515,0.419118863045468,4.04049065788179e-18,0.356707888940656,0.000187431970361108
"278",0.278048015496049,0.420626786539349,0.0247604916146172,0.191435739583956,0.0851289667660285
"279",0.0640456227561058,0.861530687300382,0.0150889757561009,6.12896879453704e-18,0.0593347141874117
"280",0.243741826939584,0.289506067814193,0.201120296228544,0.0640091190036743,0.201622690014004
"281",0.106302747435172,0.0430034330701154,0.195741217837861,0.109810255250943,0.545142346405908
"282",0.13196190715263,0.117346246647515,0.169610096041698,0.10899825509482,0.472083495063338
"283",4.38107558888091e-18,0.657118834059519,0.237784053022783,0.105097112917698,1.36127833361286e-17
"284",0.0858914219152715,0.652256097431839,0.190276568858249,2.3529118415326e-18,0.0715759117946412
"285",0.0599034977024838,0.376692237598372,2.77555756156289e-18,0.462293549752441,0.101110714946703
"286",0.16299307260002,0.375637087201124,0.087441676542654,4.44089209850063e-18,0.373928163656202
"287",0.151982865036063,0.420596149625477,2.02152537166674e-18,0.42742098533846,6.71741060608692e-18
"288",0.0128984886703777,0.770437420849429,3.44766300371287e-19,0.147727292260493,0.0689367982197003
"289",5.24242722301957e-18,0.660568321555315,0.117277555603312,0.0909382432727951,0.131215879568578
"290",0.335643545232834,0.517922642861399,0.145468352881689,8.36677633012403e-18,0.000965459024077505
"291",0.0888126692082583,0.292942578317096,0.0203761432137007,0.227086949450107,0.370781659810838
"292",0.111768416759726,0.109042536133782,0.186999397307735,0.0796552894088722,0.512534360389885
"293",0.209440377121793,0.343556162462913,0.160068224372709,0.0169523109230524,0.269982925119532
"294",1.09628074285604e-17,0.963141989395941,0.0368580106040585,2.86710929992102e-17,7.48186896052927e-19
"295",0.126364397063573,0.632862102220692,0.237947680246197,0.00282582046953821,2.3213083832755e-18
"296",0.154142515784448,0.573314612343444,6.28898171387279e-17,0.272542871872108,2.22044604925031e-18
"297",0.143792682973446,0.416905105939238,1.6653654170208e-18,0.36317163126279,0.0761305798245263
"298",0.122670224681276,0.00111541549774373,0.0400847522775211,0.525119717783071,0.311009889760388
"299",0.152588176440553,0.743050524640411,0.104361298919036,2.0327444997643e-17,1.66533453693773e-18
"300",0.278084545257611,0,0.115578289857478,0.295327172027795,0.311009992857116
"301",0.00510011300591802,0.958087684758003,0.0368122022360792,4.84764002935733e-18,9.2882716094871e-19
"302",0.0423897297497996,0.922675906499314,0.00314060489442581,1.99392829478988e-17,0.0317937588564605
"303",0.000218900350178335,0.413462925519527,0.197593539814988,0.388724634315306,5.17139534425521e-18
"304",0,1,1.19012348108549e-17,1.72767167810942e-16,1.83506355795589e-17
"305",0.0128503671227147,0.903419286160889,5.82245376945086e-18,4.31464912692578e-17,0.0837303467163965
"306",0.230111829170804,0.557370125401015,0.0589280504697924,0.124547507217133,0.0290424877412556
"307",0.373322291939068,0.534438183326152,0.0922395247347795,1.16747726479176e-17,6.93889390390723e-19
"308",0.169936095443049,0.496490500025065,0.000731341342276693,0.0811063673213191,0.25173569586829
"309",1.11022302462516e-18,0.681814308448473,0.110627864766859,2.37484203216057e-17,0.207557826784667
"310",0.0637228896787598,0.206262557899911,0.0254881801070159,0.406588287087355,0.297938085226958
"311",0.380226329737231,0.588901034527015,5.19838518001874e-18,0.0047014598145985,0.0261711759211552
"312",2.22044604925031e-18,0.530247346993822,0.138068034110577,0.165102902702295,0.166581716193306
"313",4.07299286773808e-17,0.861338930603609,5.55111512312578e-19,8.90011352555223e-17,0.138661069396391
"314",0.141312138447025,0.0537901307480855,0.177174575825493,0.219598724602299,0.408124430377098
"315",0.00900185338332339,0.87444132859568,0.00110200522523324,0.0411168396383383,0.0743379731574255
"316",0.119600964143975,0.0223240056417595,0.192267546979645,0.180639964338935,0.485167518895685
"317",0.175413396874304,0.538831391320117,0.11272912168325,0.0608309721359555,0.112195117986373
"318",1.11022302462516e-18,0.29902170929077,0.122362017760552,0.450222471194676,0.128393801754002
"319",7.16289611944728e-18,0.402478055574312,0.128893519852812,0.00134014884096268,0.467288275731914
"320",0.259261653470721,0.133148688904266,1.11022302462516e-17,0.479180501861943,0.12840915576307
"321",0.0304852099682182,0.720596700678745,0.0776246356212144,0.157803897353118,0.0134895563787043
"322",0.333179608314485,0.364709075135493,0.051923070306353,0.250159980763508,2.82654801611742e-05
"323",0.138735428317638,0.670732245964922,4.25745375994537e-18,0.190329724587401,0.000202601130039184
"324",3.89082294760281e-18,0.57407044171135,0.335694230503424,0.0852295991679488,0.00500572861727763
"325",0.0815614163480835,0.255932563432574,0.237894765759404,0.272590814969136,0.152020439490802
"326",0.0524437873984029,0.610910554363,0.00195968385975129,0.334227756216786,0.000458218162059226
"327",1.66533453693774e-18,0.610821196465913,0.186963981381716,0.148699996006506,0.0535148261458639
"328",0.239606092953263,0.208270257427331,0.0698020108871884,0.324412823570587,0.157908815161632
"329",0.574597847093815,0.0416756187280974,2.27312621126094e-18,0.261280028610512,0.122446505567575
"330",0.980038363408152,9.8618071507018e-17,0.00048006863109044,0.0194815679607575,1.89101474744883e-18
"331",0.193433180715361,0.505055027356997,3.33066907387547e-18,0.214108293134758,0.0874034987928842
"332",1.07245595435318e-17,0.819241817689551,0.00360349797592897,0.000317486503440914,0.176837197831079
"333",0.452673337091616,0.508922166865937,0.0384044960424472,4.02279243203814e-17,1.16320182462331e-19
"334",0.507279103512534,0.404881089578096,0.000777808179936513,6.32883971512862e-18,0.0870619987294337
"335",0.0454303744613981,0.564216859183666,0.0385225206198637,0.351088312386179,0.000741933348893211
"336",0.432617506462877,0.00162796913138996,0.134272146326633,0.359204910675825,0.072277467403275
"337",0.421299227065456,0.00209800760325934,0.0356053697919065,0.519785482155181,0.0212119133841971
"338",0.000543895788656223,0.516269589967868,0.0977791255265847,0.00714497851811197,0.378262410198779
"339",0.0935375413020125,0.253357030572043,0.113860961686135,0.322580468243618,0.216663998196191
"340",0.127376935679971,0.0670307040561992,0.187240274075228,0.131528729130609,0.486823357057993
"341",0.145949018534911,0.102102321577499,0.137712822293766,0.223841143058773,0.390394694535052
"342",0.00144484793282187,0.179863255585472,0.239529679219278,0.221700943299943,0.357461273962485
"343",0.368190804168121,0.381509094118445,0.250300101713434,5.69258663934111e-17,2.22044604925031e-18
"344",8.88992581713975e-18,0.193585807580559,0.18654570976502,0.115460840662442,0.504407641991978
"345",0.11539827647377,0.0855251977999514,0.19720510936413,0.104579242051933,0.497292174310216
"346",0.109114211498032,0.681910455409819,0.175488791896733,0.0334865411954153,4.24151787506346e-18
"347",8.32667268468867e-19,0.602098783437501,0.114518394767666,0.200099860846233,0.0832829609485998
"348",0.0841924475262841,0.582153746602123,0.241923290273759,0.077193569549997,0.0145369460478373
"349",0.0235667588124055,0.521532854409142,0.000533094849751755,0.454367291928701,9.73350002038444e-18
"350",0.0132008397736925,0.844868771593843,0.141930388632464,2.91011102493211e-17,5.07947576692779e-18
"351",0.242432446793732,0.271061437456523,1.11022302462516e-18,0.264073845894826,0.222432269854919
"352",0.107470502827724,0.0402627328652654,0.194871309463906,0.110992230467547,0.546403224375558
"353",0.194461806508198,0.364585895359539,0.000223535928349645,0.408438283867163,0.0322904783367502
"354",0.220365503484668,0.203942127570898,0.178417245750152,0.0913609177454334,0.305914205448849
"355",0.0225313929392785,0.3438006424041,0.155391585876215,0.478276378780407,4.52217779046066e-18
"356",1.58169800952988e-17,0.515500245135662,0.484499754864338,1.52978656006743e-17,2.76579174668124e-19
"357",0.28501085260446,0.503772544766732,0.0145499780476603,0.0889772797247591,0.107689344856389
"358",0.286162637523994,0.218702781390298,0.308162386254254,0.150593359167042,0.0363788356644123
"359",0.35250630769514,0.385440138021792,0.238951452170454,0.0231021021126139,1.403260504098e-19
"360",2.22044604925031e-18,0.319366218417437,0.147281498458356,0.174420026196989,0.358932256927219
"361",0.190836180435306,0.0559750396101544,0.0206769990517638,0.732511780902776,4.13105293667116e-19
"362",0.313965583063598,0.555433895407848,0.0624132196349742,3.3314441381657e-18,0.0681873018935799
"363",0.0259033853791063,0.758376837702681,0.000674376622539134,0.0206638626970446,0.194381537598629
"364",0.24732238689567,0.378504157736227,0.0903884105792367,0.0770960914906475,0.206688953298219
"365",0.116573783695418,0.0382268022922656,0.196889738895404,0.102112059834672,0.54619761528224
"366",0.170436864877713,0.300476873711647,0.204322173130476,0.264244710750026,0.0605193775301378
"367",0.325389392523836,0.515976754394303,0.158633853081861,1.73759238066341e-18,2.33869106831392e-18
"368",1.26581345205467e-17,3.77979501134342e-17,0.00187181612436604,0.998128183875634,8.01237494125789e-18
"369",0.170673704989024,0.805841027606214,0.00981132770984973,0.00335115316657621,0.0103227865283363
"370",0.227931791881083,0.546305608106633,0.163892440557615,0.0607533036860489,0.00111685576862009
"371",0.204732775056903,0.171558481077589,0.263303524203506,0.198341897025595,0.162063322636406
"372",0.00433482412838055,0.945207297784777,0.0504578780868422,1.1091557098432e-17,1.0464461456437e-17
"373",0.367947097474052,0.498629006180063,0.133423896345885,3.11353376561415e-18,6.04348565323335e-18
"374",0.183115282694367,0.753726272153719,0.058870798367834,7.94579165731414e-18,0.00428764678407984
"375",0.326070473638442,0.164701198663609,0.2564177057442,0.250558003050616,0.0022526189031325
"376",0.10642574072031,0.292261468158564,0.000662386827770113,0.600650404293356,1.9144930763223e-18
"377",0.125725939682026,0.0925099007921406,0.155564267521968,0.195271178774184,0.43092871322968
"378",0.0578761909638,0.666493424919683,0.165659615533812,0.10924051202723,0.000730256555475021
"379",0.270291985269882,0.729708014730117,5.50207581565085e-18,5.95665873022859e-18,3.46944695195362e-19
"380",0.015962319091293,0.547708967375267,0.0713588957693744,0.132030967482102,0.232938850281964
"381",0.0975288240526151,0.217524278210677,0.216100334032566,0.019856770426015,0.448989793278127
"382",0.361684695886109,0.549189787241824,0.0890975223774999,3.46760782708979e-18,2.79944945678518e-05
"383",0.00113316791225484,0.994450972279471,7.64358455668758e-18,0.00441585980827368,9.05451252400048e-18
"384",0.101352114383459,0.0414448536833802,0.188466342256224,0.119880336067485,0.548856353609452
"385",0.326708954968579,0.301834515200605,0.304183584404045,2.22213591162086e-18,0.0672729454267711
"386",0.104590130880922,0.368724510877447,0.16177432613134,5.55111512312578e-18,0.364911032110291
"387",0.0630792659431795,0.285433119377331,0.030964746181207,0.312701501351535,0.307821367146748
"388",0.00858150338207646,0.536704868987012,0.228910435018314,0.225803192612597,7.04010042226965e-19
"389",0.237323339387043,0.19558689005178,0.0436427639255363,0.228049244009463,0.295397762626177
"390",0.0859961173028735,0.349245344198205,0.0478366035553261,0.516921934943596,5.55111512312578e-19
"391",0.0018819941279159,0.998118005872084,1.30599150117456e-17,3.04113761160337e-17,2.07424621877318e-18
"392",0.146954252678028,0.585226543096289,3.00500493692174e-18,0.266308058828902,0.00151114539678069
"393",0.171659314793435,0.296734075309258,0.0258733484937655,0.505733261403542,1.27181795958219e-18
"394",0.0560259611418033,0.0880430432108313,0.208870813359508,0.177858846849996,0.469201335437862
"395",0.497310764170339,0.301663862984834,0.108925415692408,0.0160526044350082,0.0760473527174116
"396",0.201657108147569,0.155298726780206,0.0859693273480996,0.287228781055797,0.269846056668329
"397",0.0292953198408637,0.863390856007664,0.0919772969259575,0.0040029579477583,0.0113335692777566
"398",8.32667268468867e-19,0.775173409809273,0.0349258921372336,0.117397665024959,0.0725030330285343
"399",0.18466263660888,0.623940733773976,3.46942085793772e-18,0.191396629617144,1.83634234629606e-17
"400",0.565995954872803,0.0975880344826357,0.00172051476777679,0.194134736496821,0.140560759379963
"401",0.000470458828346585,0.504496451919906,0.0868665215280351,0.29695106150163,0.111215506222083
"402",0.0228309899649878,0.520646556000564,0.0997093594725687,0.356813094561879,2.14339358881388e-18
"403",1.33226762955019e-17,0.34954265301408,0.0570033343176426,0.38358152577195,0.209872486896327
