"","V1","V2","V3","V4","V5"
"1",3.05311331771918e-18,0.322473832268225,0.0775159396580572,0.287436374764191,0.312573853309527
"2",1.88764974545529e-18,0.768873041163694,0.230745387792671,0.000381571043635032,8.40219613345622e-18
"3",0.211074106758645,0.634340962115261,0.133050161415852,5.92653100711378e-18,0.0215347697102417
"4",0.073536826797083,0.521591590017922,0.0103066663212629,0.261454049679372,0.13311086718436
"5",0.100066845492234,0.107561891950903,0.212446005073045,0.0481225187647646,0.531802738719053
"6",0.447854808083119,0.479061043989659,0.00129775795106643,0.0353391187698119,0.0364472712063433
"7",3.06275957465463e-17,0.621218972104543,0.000880541255257433,0.377900486640199,3.91507870472948e-18
"8",0.00524662028373061,0.472370812559854,0.0919904257246293,0.365115435807162,0.0652767056246242
"9",0.178607982929306,0.601744799224839,0.219647217845855,7.23705916258636e-18,4.16333634234433e-19
"10",0.303277874202302,0.453035047493528,0.00161558793935089,0.130095295194901,0.111976195169918
"11",0.0026618070021492,0.457161358473657,0.00239190108329297,0.5377849334409,1.73023770808677e-17
"12",7.32284584403043e-18,6.4821109663027e-17,0.302464672579954,0.697535327420046,3.46287065522843e-17
"13",0.0453938474983535,0.459806190455685,0.200246383738476,0.143426998085058,0.151126580222427
"14",0.207405214205541,0.0125008227139667,0.146771871881237,0.189769687245009,0.443552403954246
"15",0.149561087838482,0.0480000208956471,0.151433238980109,0.171137885732507,0.479867766553255
"16",0.11037603333683,0.0391776862941217,0.195185608988479,0.111318883479494,0.543941787901076
"17",0.0036347398370212,0.341644726779058,1.19623328511016e-17,0.654720533383921,8.19248273370234e-19
"18",0.114119234271834,0.313213961500711,0.210273061954808,1.11022302462516e-18,0.362393742272647
"19",0.0575945615742864,0.3669818851744,0.0111214205655867,0.0150518092964378,0.549250323389289
"20",0.171453681610859,0.230750062173495,0.147463824059764,0.0870757007306027,0.36325673142528
"21",0.455022324964054,0.494613552641654,0.0105467247739275,0.00311640166232865,0.0367009959580362
"22",0.115794821356111,0.840789613866383,3.15030762851742e-18,0.00269088272671273,0.0407246820507935
"23",0.179214871436371,0.284231244676117,0.000201678767181386,0.53635220512033,6.78800746671251e-18
"24",0.101607715737393,0.819544007240655,8.06259669322029e-18,0.0788482770219521,4.96420279883152e-18
"25",0.00746463023506369,0.609615232385201,5.88391096592391e-18,0.165356244982422,0.217563892397313
"26",2.31572288736183e-19,0.83378321980732,0.139910414326662,4.67428760520471e-17,0.0263063658660178
"27",0.195673877806416,0.376983717935887,1.95756362298318e-18,0.425860808472228,0.00148159578546899
"28",0.201038927809745,0.205952263924316,0.160238078125619,0.034177707681809,0.398593022458511
"29",0.0904948907775336,0.781248383726574,0.108956729262897,0.00161994984829051,0.0176800463847053
"30",0.111033894901315,0.0451887084228449,0.197175899438618,0.109079479158311,0.53752201807891
"31",0.15350083887823,0.774562773612998,0.00876398291561844,0.0631724045931534,1.37845690839175e-19
"32",0.114138161211432,0.345207975816035,0.10959943974594,4.44089209850063e-18,0.431054423226592
"33",0.110838328943509,0.218701206889175,0.142373302161526,0.0754984065827446,0.452588755423046
"34",0.0113279520062534,0.0547186986176709,1.95452071852257e-18,0.747138906762735,0.186814442613341
"35",0.0622081182854929,0.609460164959668,2.07459519583175e-19,0.184952440105095,0.143379276649744
"36",0.496227733938486,0.128850799833076,0.0236874415249438,0.351234024703494,7.30177452641884e-19
"37",0.108036521899795,0.175464044824323,0.159000305282049,0.0993376342641157,0.458161493729718
"38",0.441620701354591,0.413816965306576,0.0397631663056675,0.104799167033166,4.55356315883233e-19
"39",0.0283906246157799,0.526125771360332,0.115742543427736,0.30276817934232,0.0269728812538321
"40",0.379169128047019,0.548234356978984,9.24652466892041e-18,0.0725965149739973,1.47559438548147e-18
"41",0.12028880904629,0.0333976998161065,0.202188452479012,0.10537002268833,0.538755015970262
"42",0.00594073641863931,0.229362005622995,0.214996883145421,0.106994435678034,0.442705939134911
"43",0.358824793378734,0.297136632365616,0.0183911654354697,0.30777819948189,0.0178692093382901
"44",0.246133974267673,0.512786934757345,0.000290494984592429,8.82091266449716e-18,0.24078859599039
"45",0.417878600077821,0.131817825777178,0.0841991640108431,0.199841523257102,0.166262886877056
"46",0.130461587468355,0.437410628250254,0.00892434894114678,0.423203435340244,1.52954053822279e-18
"47",0.0384602872599002,0.725328335836572,0.236211376903528,2.12779406023025e-17,3.18757279173757e-18
"48",0.40930573092997,0.0497707976699346,0.155234397174971,0.0898629506746981,0.295826123550427
"49",0.258048616515222,0.0514055186958905,0.0135587636878016,0.650671237863464,0.0263158632376217
"50",0.0566422340826091,0.419910326343903,0.155771828812985,1.42062823093648e-18,0.367675610760502
"51",0.0185527340212706,0.590601462936788,0.0018859762466415,0.378177121830258,0.0107827049650413
"52",0.284709879031411,0.208853254545659,0.0865004144726084,0.419936451950321,3.27678706828736e-19
"53",0.241932864748954,0.436343811021099,0.0546425530442606,0.144596593294733,0.122484177890954
"54",0.0144882637435959,0.446191208043031,0.328024978096646,0.123882522156038,0.0874130279606888
"55",0.135194381243221,0.381778650310619,0.115056553373546,0.12122666314734,0.246743751925273
"56",0.113034065569563,0.458271708376213,0.164997362481621,3.47740823577208e-18,0.263696863572603
"57",1.38777878078145e-18,1,9.52932007819099e-18,1.55835337635024e-17,1.93313857823997e-17
"58",6.42174951269812e-18,0.606867879975518,0.0071044044778436,0.384893159323043,0.00113455622359523
"59",0.104652477261949,0.381291501828213,4.16333634234434e-19,0.160673360277603,0.353382660632235
"60",2.43037119252779e-18,0.349858702426778,0.00278911503465437,0.40979585237463,0.237556330163937
"61",0.0433847514684875,0.40362532831666,0.00476598923787202,0.272688940370612,0.275534990606369
"62",0.0430390846565233,0.706905907052732,0.250055008290744,3.71293567406034e-17,3.16476300360989e-18
"63",0.257357180901486,0.423551767217847,2.77555756156289e-19,0.232733739098976,0.0863573127816902
"64",1.03268206986165e-18,0.841669943294284,0.118768460099071,0.0395615966066456,2.56584176304819e-18
"65",0.372184806215803,0.478532903900499,2.94804930177994e-17,0.149282289883697,3.01322471972213e-18
"66",0.132818762992066,0.183015482384162,0.101758927906948,0.178272627022067,0.404134199694758
"67",3.30215505307891e-18,0.840397279241561,0.00316639020092678,0.118070350678032,0.0383659798794809
"68",0.000362415178790852,0.808503697643505,5.67157919093968e-18,0.191133887177704,1.17118084163431e-18
"69",0.175495650318984,0.325437064809708,0.0430087587615543,0.456058526109754,1.64554670380692e-18
"70",0.0653942126079497,0.606125431167114,0.0596910935196254,0.268789262705311,5.13894237589728e-19
"71",0.0934128291696173,0.467313906369422,0.164480297310081,1.11335452624018e-17,0.27479296715088
"72",0.46630202551575,0.229398438764403,0.000181021267517894,2.50469674985442e-17,0.304118514452329
"73",0.0115690182478058,0.19068048628416,0.169366241868442,0.22718830879654,0.401195944803052
"74",1.28573753345344e-18,0.905144296575181,0.00961356422715777,0.0540803631740524,0.0311617760236083
"75",0.00080763548141961,0.193626674016649,0.196725257106105,0.473207799902889,0.135632633492938
"76",0.729355134921503,2.05279746455883e-17,0.0333406134218094,0.237304251656687,2.57831713776214e-18
"77",0.00221987565362458,0.362579288885636,6.30288284547285e-18,0.635200835460739,1.68231200458316e-18
"78",0.355254133105523,0.464507466714998,2.38705578290684e-18,0.177631260142251,0.00260714003722736
"79",0.126306067822624,0.276937901661992,0.0541068377349024,0.177415042519344,0.365234150261138
"80",0.00844585690883826,0.400681364703905,0.0886337580320435,0.148568370839549,0.353670649515665
"81",0.436108342247779,0.45864914031485,0.102741147098465,1.08495032184715e-17,0.00250137033890655
"82",1.17463895537834e-17,0.720413148748689,0.173818255700985,0.087191087021059,0.0185775085292675
"83",0.302162900748821,0.59168589510815,0.00261864040927723,0.0075387240703022,0.0959938396634503
"84",0.218948973782619,0.340363938052233,0.011455881535801,0.429231206629347,4.49140179287518e-18
"85",0.298580300089611,0.432082502019378,1.30210153356516e-17,0.0785939902245011,0.19074320766651
"86",0.0981489831936206,0.869163319357986,0.00051653171087953,0.019208455447961,0.0129627102895533
"87",0.200419622941438,0.195384121305776,0.262192805082569,4.44089209850063e-18,0.342003450670218
"88",0.102930958426508,0.323728039444223,0.00133931397668382,0.258063804528426,0.313937883624159
"89",1.89396143188129e-18,0.746405200210816,0.121483965225054,0.125732144987132,0.00637868957699793
"90",0.103480558512732,0.331451503880506,0.186392060657793,0.000570690662683594,0.378105186286285
"91",3.12967799783371e-20,0.38747445117544,0.0725778095489302,0.161658180739997,0.378289558535633
"92",0.043251694312657,0.183434976554708,0.182967923612114,0.160725474358247,0.429619931162273
"93",0.210645962871927,0.229341370846339,0.00212541195124815,0.153768023899711,0.404119230430774
"94",1.25310100400849e-18,0.0829122762177476,0.0516501636558946,0.565058036655833,0.300379523470524
"95",3.9764940469716e-19,0.378088712329875,0.198714855834092,0.371668242691477,0.0515281891445564
"96",2.01423434387932e-18,0.156699282763535,0.0209914422820632,0.455565384707598,0.366743890246804
"97",1.38009428046636e-16,0.617759554523291,1.47062620050171e-17,0.382240445476709,1.11022302462516e-18
"98",0.0198238297301961,0.458191121996043,4.14255859053706e-18,0.519425998509966,0.00255904976379508
"99",8.31492367268116e-18,0.659736419198727,0.252384399899087,1.94289029309402e-18,0.087879180902186
"100",7.50859199857895e-18,0.961224907710987,0.0260042246478511,1.06686706756564e-16,0.0127708676411618
"101",0.117422729599779,0.229548208330472,0.366129033992567,0.286900028077182,2.77555756156289e-19
"102",0.806325835832127,0.190988402701616,0.00217751333077884,2.89653389602652e-17,0.000508248135477208
"103",0.319660999993134,0.515380306260515,0.00419075146632538,0.118670784929822,0.0420971573502029
"104",0.114878990290019,0.774008991420156,0.111112018289825,1.11022302462516e-18,3.9817056493996e-18
"105",0.612271774263336,0.249565750597163,0.137772066205565,0.000390408933936121,1.70499592396529e-18
"106",0.246844994950302,0.358994193877866,0.138039349102824,0.256121462069008,0
"107",0.0263305908888363,0.500774370173238,0.133714554409241,0.147057083816617,0.192123400712067
"108",0.146694128818831,0.0916655028938085,0.17858129735052,0.100661519698951,0.48239755123789
"109",3.38441201353957e-18,0.562284414698265,1.43720404347278e-17,0.437715585301734,4.46079551999938e-17
"110",0.140605143307622,0.418594686138491,2.22044604925031e-18,0.119278677255664,0.321521493298223
"111",0.308600456647094,0.423918655683076,0.117886496673397,0.0984657741695016,0.0511286168269316
"112",0.135966284420631,0.724763146437983,0.116545498013393,0.0194803206570434,0.00324475047094916
"113",6.75143662735043e-18,0.114429041615128,0.0372586586545849,0.845633060719424,0.00267923901086261
"114",0.0235851330318661,0.324064800211435,0.0689064007645887,0.577565857390692,0.00587780860141746
"115",0.176884111285924,0.202737903270227,0.116185446477116,0.292297160967214,0.21189537799952
"116",0.0892707961302062,0.225552606964143,0.112491039756814,0.157818775490195,0.414866781658642
"117",0.430028917116211,0.56229032919811,8.92434316961099e-18,1.63808937911017e-18,0.00768075368567942
"118",1.73625795855813e-05,0.480649418177348,0.0977911603425281,0.42152534675328,1.67121472577585e-05
"119",0.00293540391299238,0.735876557816776,0.116907902962258,0.000123012423243589,0.14415712288473
"120",0.0888871660183795,0.0815211727340773,0.186841121305551,0.118486070609873,0.52426446933212
"121",0.124291645972211,0.0464355964901568,0.196842990336335,0.107046017534765,0.525383749666533
"122",7.18745954160374e-20,0.9988786263789,2.22046722531965e-17,0.0011213736211,3.27908623161782e-18
"123",0.166803507026682,0.296334478140939,0.275271745187178,0.0062704033947085,0.255319866250492
"124",0.0791383327093061,0.0270117746742991,0.174952286767236,0.718897605849159,1.84250043069336e-19
"125",0.000557020480360217,0.352479656313716,0.162608096487516,0.481482803310834,0.00287242340757458
"126",0.218976257015504,0.132826160781121,0.0617460207335127,0.207035089147505,0.379416472322357
"127",0.294449162995693,0.0744311432562318,0.338321682043284,0.281421957889843,0.0113760538149482
"128",0.0969089890011613,0.07391531412303,0.195968918508263,0.158784764077515,0.474422014290031
"129",0.128141193197389,0.774285246567082,0.0974477295970122,4.32872765436467e-17,0.000125830638516682
"130",0.167835954882519,0.334301153539483,0.0159877296758428,0.215828158101214,0.266047003800942
"131",0.152634519372242,0.00520959214953025,0.182497267101358,0.29367970721964,0.36597891415723
"132",0.000302390349782104,0.413164053407527,3.62424774958164e-18,0.425905215733849,0.160628340508841
"133",0.142277811897307,0.679953302594949,0.148175374181826,6.87875055104892e-18,0.0295935113259176
"134",0.185923848243868,0.351425224776953,5.11378780089745e-18,0.042441966467592,0.420208960511587
"135",0.193501931430871,0.691916299011622,0.0457338584100374,0.0549442353149567,0.0139036758325138
"136",0.10910644730897,0.0389477891048003,0.195964750293426,0.111471286706403,0.544509726586401
"137",0.037967469465882,0.870384653938923,3.41054081973857e-18,0.0916478765951952,7.05538704474796e-18
"138",0.185376339968962,0.554925251511697,0.258903964276039,0.000794444243301946,1.9879304734762e-18
"139",0.0633520316305946,0.852852008207287,0.000815355393241565,0.0768962054348171,0.00608439933405964
"140",0.102371002342712,0.391025305740525,0.12320836810274,0.00770677592844999,0.375688547885573
"141",0.143973112843016,0.699454299794682,0.0293841622836935,3.33066907387547e-18,0.127188425078608
"142",0.475288035224533,0.5225150506974,1.27518658398931e-17,0.00219691407806712,8.05973147638886e-18
"143",0.165520148645908,0.19874790321364,0.118979882002513,0.102829045732408,0.413923020405531
"144",0.115925249117109,0.0755987811554562,0.173254758483064,0.111972303024658,0.523248908219713
"145",0.124568447669371,0.820166488382257,4.2662472171965e-18,0.00178817298466358,0.0534768909637083
"146",9.6920718781172e-18,0.61663737757668,0.0963240848822181,0.286785373090723,0.000253164450378831
"147",0.103369091160348,0.222087690910837,1.30715350678112e-18,0.556615473128398,0.117927744800417
"148",0.227552764130784,0.558325386031879,0.00228554641200121,0.211836303425335,1.61288564887396e-18
"149",0.100567648855119,0.0664483069645842,0.188576055944055,0.102652533091273,0.541755455144968
"150",0.431785965605014,0.439468274855679,0.000150293444715593,0.128595466094591,3.65643157396117e-18
"151",0.0213833083321857,0.77971692037144,0.179865244778858,2.25373680341709e-18,0.0190345265175168
"152",0.119249039900212,0.269776568759481,0.263625142262734,0.340237812530102,0.00711143654747017
"153",2.13600593336438e-18,0.725988359997425,0.188095890627548,0.0450172183774104,0.0408985309976172
"154",0.293246861683938,0.438134388539067,4.65170289734253e-18,0.204045138184859,0.0645736115921367
"155",0.0643169772904293,0.759200668387477,0.159160128787388,0.000822489777954998,0.0164997357567501
"156",0.434499124138192,0.447904880738917,5.79627670932879e-18,0.117595995122891,1.17961196366423e-18
"157",0.274795052643453,0.694290967885788,0.0118868433245637,5.78534775780334e-18,0.0190271361461959
"158",0.00847584670457084,0.647626034151521,0.0475130057476664,0.175761678885645,0.120623434510597
"159",0.327625612032789,0.0187916533877059,0.10435525438252,0.54264148410645,0.00658599609053517
"160",0.177993331852989,0.390946617239344,0.165860283302089,0.00154167073247157,0.263658096873107
"161",0.34207148842788,0.481621101104635,0.176307410467485,1.32511463723501e-17,2.77555756156289e-19
"162",8.57365672012013e-19,0.456300935628529,0.23393277475398,0.0168728889989725,0.292893400618518
"163",0.20179026511576,0.000273097346927008,0.231546118103584,0.105347666557574,0.461042852876155
"164",0.322925214172973,0.587237477206241,3.36116438816845e-17,0.0898373086207852,5.84203853216185e-19
"165",0.500738441574883,0.169860884795842,1.11022302462516e-18,0.281467602319943,0.0479330713093315
"166",0.174005106018392,0.517027700905899,3.01354390014909e-18,0.0448402415481056,0.264126951527604
"167",0.0263406492181897,0.700093727205252,0.0149113132049576,0.183321391022781,0.0753329193488203
"168",0.0626452234071737,0.40425667763404,0.174708243694044,0.185876763189408,0.172513092075334
"169",0.28066988938497,0.371493765562591,0.0251845609329556,0.119884827869655,0.202766956249828
"170",4.51618338184077e-17,0.965893602547733,0.027975007477445,8.81652577253804e-19,0.00613138997482165
"171",0.00514021981624473,0.554188151692311,0.305234483518511,0.00343113644185101,0.132006008531082
"172",0.286487322204101,0.520935449535407,0.192101935178898,8.71219075007573e-18,0.000475293081593959
"173",0.174561202799108,0.758855005387202,0.00792706162773704,0.0580709013028202,0.000585828883133405
"174",0.185193369597234,0.814799888397741,6.74200502514043e-06,5.75294300453833e-17,2.30960979286453e-18
"175",0.087251993236517,0.439903734978711,1.31806224019569e-18,0.422772737960645,0.050071533824127
"176",5.77502366652489e-18,0.766628050756723,0.0131871863121587,0.212204894790517,0.00797986814060168
"177",0.154627796744387,0.196377744485513,0.175139638256419,0.0615860424002781,0.412268778113404
"178",0.13947219157666,0.19290361190217,0.184332288309441,0.00695780102701843,0.476334107184711
"179",0.106532538883269,0.0482654391231143,0.196472947783328,0.110483087687682,0.538245986522606
"180",0.0396397140831189,0.069399424766286,0.000447555894857971,0.890513305255737,2.77947928511885e-18
"181",0.113316954125259,0.0887271704854575,0.216356607486261,0.0557112645443922,0.52588800335863
"182",1.34583989299629e-17,0.435307108710088,1.08583444455596e-17,0.454514208658509,0.110178682631403
"183",0.238412485910237,0.369850693444387,4.5082805900961e-18,0.391736820645377,5.33390192732979e-19
"184",0.000639066016934033,0.311903435239774,0.0163792427904625,0.671078255952829,2.63727964916439e-18
"185",0.000848565166624356,0.883714276971785,0.115437157861591,9.93992934931693e-18,1.7815737179731e-18
"186",1.82514692510015e-17,0.732205556297588,8.32667268468867e-19,0.172657727893264,0.0951367158091484
"187",0.407777382070979,0.302794290866791,0.27069786700587,0.0187304600563605,1.4102420272003e-18
"188",0.0904297125626247,0.116122295337109,0.195365116035104,0.11085291332932,0.487229962735842
"189",0.170259071801219,0.668790880497311,0.149382986770825,0.0115670609306452,2.99614590201351e-18
"190",0.275084887428811,0.724779648435816,0.00013546413537295,5.88441719822371e-17,3.17925382865267e-18
"191",0.12882423428555,0.127670248605493,0.163310788453927,0.12498525859402,0.45520947006101
"192",0.359278624592667,0.273250853643928,0.140511680160336,0.22695884160307,5.55111512312578e-19
"193",0.214618266940391,0.682008694147861,0.0325549045851879,0.0708181343265606,2.00663163062423e-18
"194",0.305808246562253,0.131546120621292,0.098040124253825,0.300162381250282,0.164443127312349
"195",0.491153295139537,0.0266179184016685,0.000354715383279907,0.345082779646875,0.13679129142864
"196",0.172967416380349,0.342991923088635,0.0111394142767129,0.472901246254304,5.4844889819955e-18
"197",0.176862695572162,0.0610715787799309,0.207462306518551,0.0364163189270809,0.518187100202275
"198",0.0719331701667272,0.737157714148787,1.72883016392817e-18,0.0436425267803818,0.147266588904105
"199",0.140339963272099,0.460797908274822,0.123333212255504,0.00105701433162706,0.274471901865947
"200",0.00135594160176809,0.597549484548848,0.029380378489192,0.371714195360192,4.58137056224107e-18
"201",0.163290752177519,0.517680922284965,0.0222030341045259,0.203152051839272,0.0936732395937177
"202",4.67370143305462e-18,0.999907383064722,9.26169352782683e-05,7.20078964327829e-17,4.86158269616467e-18
"203",0.195541311623942,0.539741685246968,0.109102800449889,5.55111512312578e-18,0.155614202679201
"204",4.44089209850063e-18,0.245023579155776,0.344256475398054,0.100859120914842,0.309860824531328
"205",3.24017377387394e-17,0.717777851833208,0.188924415670716,1.11022302462516e-18,0.0932977324960757
"206",0.0497336596734602,0.406345453128483,0.0853918982314994,0.143027670096966,0.315501318869592
"207",0.0846983934018976,0.503197908264094,0.0961462172297067,0.312759220201915,0.00319826090238679
"208",0.0555030106667566,0.633064072804991,0.0766560992936583,0.234776817234594,5.9207853805875e-19
"209",0.107017295443555,0.352317622455189,0.13232108320959,0.385343772776092,0.0230002261155741
"210",0.0518110334109692,0.148584485330571,0.163453495875627,0.156362421114586,0.479788564268246
"211",0.109560286807817,0.303347333029667,6.13796790250258e-18,0.587092380162516,3.27879292959528e-18
"212",0.227605899819172,0.0864472749515487,0.122225603437132,0.207321658819182,0.356399562972966
"213",0.285191213478016,0.661106452534118,0.0537023339878655,5.37986134059812e-17,1.11022302462516e-18
"214",0.0464337301253893,0.633875545489369,0.0988959491268233,0.0355728574498913,0.185221917808527
"215",0.151436488864035,0.277973296854317,0.134072412110414,0.153570168843649,0.282947633327585
"216",0.0499338143512479,0.916062209753249,0.028149626921019,0.00399148724864864,0.00186286172583503
"217",0.330972708293895,0.273185349283899,0.118018561663787,0.0574310168472605,0.220392363911158
"218",0.280533175256655,0.627294545212314,1.14113254980314e-19,0.0897260415823583,0.00244623794867249
"219",0.155783813443267,0.467124512903123,0.0736742125855128,0.0266404282980042,0.276777032770093
"220",0.00535129319521298,0.54778562784914,0.270351681454953,0.176511397500694,6.68502194935496e-18
"221",0.494784172001446,0.364283670132212,0.0552399463782961,0.0833648902105879,0.0023273212774582
"222",0.119859973706208,0.0297300776362821,0.197987954800551,0.109527856737791,0.542894137119168
"223",0.011181513248779,0.874429366847086,0.000175429413952876,1.03506945261419e-17,0.114213690490182
"224",0.220962423234268,0.318483705337064,0.000555135842326792,0.42743145087056,0.0325672847157806
"225",0.100858437535686,0.0720228323702835,0.194444703527041,0.0921903948795103,0.540483631687478
"226",0.0406944867887504,0.323412495001107,0.194746205907044,2.94286026494831e-18,0.441146812303098
"227",0.427978152315491,0.27640836839752,0.0273978720177155,0.268215607269274,5.55111512312579e-19
"228",0.119111646673495,0.758710850212471,0.0635978837562039,0.0585796193578306,2.36024299823765e-18
"229",0.122622938086595,0.294049873567274,0.15320560446778,0.333086183828716,0.0970354000496342
"230",0.342986148973351,0.279910727035374,0.139162488164306,4.44089209850063e-18,0.23794063582697
"231",0.0286902251774738,0.294691878666531,0.185591250640766,7.81392797487788e-18,0.491026645515229
"232",0.163210186920548,0.734484874776478,2.91333154838871e-18,0.101999494038838,0.000305444264135838
"233",5.85022200082442e-17,1,4.27669910794339e-17,1.78554063834451e-17,3.46944695195361e-19
"234",0.0806244961424599,0.0964997720567894,0.167426692768731,0.262955750312642,0.392493288719378
"235",0.000684471572113381,0.991961597004233,0.00503491344656389,1.68419607562012e-17,0.00231901797708966
"236",0.334838337830728,0.425943818282165,7.80834301399986e-18,0.224241248081327,0.0149765958057804
"237",0.010220689358016,0.738340985100133,0.251438325541851,2.70165583701881e-17,9.74834707436911e-19
"238",0.157632301722579,0.599829355435004,0.217721919924498,0.00196416806232492,0.0228522548555933
"239",5.68234824281925e-19,0.531291274410207,0.0139872028519389,0.454721522737854,3.87864302627315e-18
"240",0.223098704186634,0.227439858938693,0.16276413620055,5.55111512312578e-18,0.386697300674123
"241",0.141919681444106,0.481155583619685,0.116845210163963,0.259608329815156,0.000471194957089966
"242",0.1068323013659,0.040076227992767,0.196068274498349,0.111877818267664,0.54514537787532
"243",0.158725039519517,0.780730348501775,0.0605446119787078,1.38777878078145e-19,3.89197125933473e-18
"244",0.801211157026032,0.0916721004236712,0.00112428982499299,0.105992452725304,3.85211400684776e-18
"245",0.200657274162778,0.560189573808286,0.0205276914848148,0.218625460544121,1.50189311728907e-18
"246",0.485934558049037,0.0306527553592724,8.37353206225576e-19,0.425683019731051,0.0577296668606392
"247",0.303466262977902,0.585093757187251,2.01654394115676e-17,0.111439979834847,4.74971200118947e-18
"248",0.154775731134777,0.101269036510778,0.260094909336628,0.0669650385420662,0.416895284475751
"249",0.343862537584393,0.405670985846644,0.10977999167841,0.125304956724337,0.0153815281662167
"250",3.10335901513052e-18,0.749257375728706,0.236584553542646,0.00108194331173601,0.0130761274169117
"251",0.246745002176916,0.0994203385863893,0.0923028346043001,0.211243220683286,0.350288603949108
"252",0.158601993624307,0.622479103026524,4.59346690678154e-18,0.215402331439625,0.00351657190954302
"253",3.33066907387547e-18,0.466634603641951,0.128827241720265,0.199250793409308,0.205287361228476
"254",0.0264009043225782,0.435384280921272,0.323904139079672,0.214310675676478,3.36738876321742e-18
"255",0.174909370697257,0.544993378099414,0.209668779577488,2.77623561955163e-19,0.0704284716258418
"256",0.0238197796026571,0.899979160801167,7.06670124630264e-18,0.0762010595961756,6.38252609718573e-19
"257",0.15774422949204,0.721547698126943,0.106844036174324,2.49113331755813e-18,0.0138640362066926
"258",0.472389112575087,0.527610887424912,7.73326041742759e-18,4.09888148268734e-17,1.11022302462516e-18
"259",0.00124284325512306,0.892871274314183,0.105885882430694,3.17715867894353e-17,3.3953024359137e-18
"260",0.0854458321743068,0.184875244758227,0.171824234756631,0.205868796403478,0.351985891907358
"261",0.115745223862905,0.0334928640060684,0.190906895549638,0.164577434608948,0.495277581972441
"262",0.103754852112659,0.793269691594914,1.88125142069788e-18,1.20229591911974e-17,0.102975456292427
"263",0.119748760939504,0.416309814548162,0.253972223004173,0.209969201508161,6.93889390390723e-19
"264",0.00981226569441882,0.160748335379853,0.128461996828272,0.286489727606259,0.414487674491198
"265",0.372131855273801,0.310101678381512,0.120825954121595,0.196940512223092,6.66133814775094e-18
"266",0.101532596102216,0.125578617217506,0.170657204975264,0.0538424664066555,0.548389115298358
"267",2.77555756156289e-19,0.286596887987398,0.1930299434397,0.404285394788669,0.116087773784233
"268",0.365143454252742,0.597232963597556,0.000407713922766616,4.70393373056782e-18,0.0372158682269352
"269",5.22504343217176e-18,0.435877476148967,0.140952595043385,0.417573000354435,0.0055969284532136
"270",0.00162261614037191,0.962254637188647,0.00192455089773983,0.0341981957732411,2.9572358902481e-18
"271",0.189546193838903,0.104059285570991,0.0739638811847848,0.152076644743938,0.480353994661383
"272",0.0113926752926034,0.525354803953803,0.00451962493127707,0.458732895822317,2.21999381515572e-18
"273",0.506781014611993,0.0456993200255064,1.89371295239726e-18,0.148104635229727,0.299415030132774
"274",0.23535065951914,0.0572058253819728,0.143500355491741,0.17830081314127,0.385642346465877
"275",0.576088875610857,0.0807731612705924,0.0649012170175102,0.278236746101041,1.60081674172707e-18
"276",2.16544553889253e-18,0.513968035301161,0.0534444763555592,0.431198046896993,0.00138944144628659
"277",0.229279296012988,0.407640975170841,2.99288552371478e-18,0.362872848439606,0.000206880376565357
"278",0.292659755171447,0.40124334590023,0.0227360516864606,0.202293576390721,0.0810672708511415
"279",0.0539020623992359,0.889478893224313,0.00592896294741314,8.45826083160709e-18,0.0506900814290382
"280",0.248277594892767,0.277181084958249,0.202841243695943,0.0735996533671703,0.198100423085871
"281",0.106248638551343,0.0430429738706547,0.19609226128725,0.109357101850588,0.545259024440164
"282",0.131988685710275,0.115110152094728,0.167516586672225,0.109276655891975,0.476107919630797
"283",1.44138367189897e-17,0.633591928597363,0.256954256704502,0.109453814698136,7.45049960467417e-18
"284",0.102289895171041,0.636433203441109,0.185338448776543,1.66533453693774e-18,0.0759384526113078
"285",0.0578948580710403,0.367153967484576,2.47861169792838e-18,0.468171541763204,0.106779632681179
"286",0.149439387382997,0.388180274887958,0.0925265746347143,0,0.369853763094331
"287",0.151332716680882,0.446175014186842,0.00124784327165267,0.401244425860623,9.09579449960703e-18
"288",0.0083263407356028,0.770771226039431,2.46498396739321e-19,0.152390499355586,0.0685119338693807
"289",9.72144930606553e-18,0.66224186000071,0.107604296716984,0.110732957194743,0.119420886087562
"290",0.341414098679223,0.512663163957962,0.143401610316237,1.07502133874118e-17,0.0025211270465783
"291",0.0802497118595161,0.30373059522746,0.0315647823449513,0.230952598878803,0.35350231168927
"292",0.110713124362968,0.102569629410059,0.188299864063312,0.0834285469375008,0.514988835226159
"293",0.203210856142549,0.354027057880571,0.160819294087387,0.00915888398461904,0.272783907904873
"294",2.16603204526474e-17,0.974547122725631,0.0254340254132067,2.81633853519679e-17,1.88518611626431e-05
"295",0.144125207596174,0.615541264737938,0.234189670779984,0.00614385688590426,6.2731124441551e-19
"296",0.148291489623802,0.572779487538466,5.76338590117119e-17,0.278929022837732,1.11022302462516e-18
"297",0.143990907183594,0.410462775816396,5.55111512312578e-19,0.360472363299938,0.0850739537000723
"298",0.123463201250814,0.00113406687161467,0.042722653573948,0.516771797732328,0.315908280571296
"299",0.13366119402144,0.760271073485601,0.106067732492959,2.02732861017197e-17,1.70741425334882e-18
"300",0.286326706170043,0,0.1135341802662,0.303204024928587,0.296935088635171
"301",0.00390614299334144,0.961941627549082,0.0341053649306702,4.28806338576819e-18,4.6864526906717e-05
"302",0.0506828814137233,0.913755114945839,0.00222269571770256,1.32731174743199e-17,0.033339307922735
"303",0.00019796143486057,0.417668450237823,0.205325462093375,0.376808126233941,4.9561480181536e-18
"304",1.77807371732206e-18,1,8.42758643294089e-18,1.90044950817728e-16,1.93423513677119e-17
"305",0.0121249680838482,0.901804923244452,1.48081777827396e-18,4.11617661896872e-17,0.0860701086716999
"306",0.255945548362381,0.566382663150209,0.0673526758390984,0.0849537899479037,0.0253653227004076
"307",0.368779429028414,0.542155175093498,0.0885301109823307,8.25577192639443e-18,0.000535284895757037
"308",0.170073959842831,0.4869392838355,0.00132717481189178,0.0976062385681436,0.244053342941633
"309",0.00166637843999665,0.680833700880171,0.103748830263046,1.00895033839943e-17,0.213751090416786
"310",0.0660762429015766,0.209072450809929,0.0298733141702684,0.398411111851893,0.296566880266333
"311",0.369532667046587,0.601508432183232,6.1720797642232e-18,0.00425890542474457,0.0246999953454362
"312",0,0.533861580086341,0.138861081170446,0.166236055430354,0.161041283312859
"313",5.30090554078205e-17,0.859739021296919,2.77555756156289e-19,8.72648195130975e-17,0.140260978703081
"314",0.140234692174121,0.0695712926377761,0.175615185555751,0.20523498815078,0.409343841481572
"315",0.00781856976806921,0.882388735342756,0.000854384183228163,0.0384550680684519,0.0704832426374946
"316",0.12182617714923,0.0316677005747122,0.187093795968262,0.174110565077239,0.485301761230557
"317",0.183263639533318,0.525774674240254,0.120370924779071,0.0653576180434262,0.10523314340393
"318",1.66533453693773e-18,0.299980499103649,0.129335335598784,0.453301467586575,0.117382697710992
"319",8.2775949763107e-18,0.400865663546765,0.129529816030525,0.00223729802984647,0.467367222392864
"320",0.263558550275394,0.141412906336858,1.11022302462516e-18,0.460085574474873,0.134942968912875
"321",0.0306800389738097,0.706930592424016,0.0691140397005965,0.183875499656913,0.00939982924466488
"322",0.335449238532786,0.358390145725596,0.0582440351537566,0.247916580587862,3.29597460435593e-19
"323",0.133368981289103,0.666181655014714,5.51687907022702e-18,0.200449363696183,4.16333634234434e-19
"324",4.13731524395573e-18,0.577890053660828,0.341655801488509,0.0724576812668315,0.00799646358383224
"325",0.0719958804956059,0.261071990987616,0.237241903283402,0.26633364294871,0.163356582284665
"326",0.041183344580537,0.615876958578004,0.00166726728995262,0.339900215246187,0.00137221430532015
"327",2.22044604925031e-18,0.61348170213302,0.185980728507326,0.152539960935354,0.0479976084243004
"328",0.225447018525212,0.207729687206176,0.0760487342895806,0.322666705812979,0.168107854166052
"329",0.605793043429799,0.0509815343997604,1.63909055294362e-18,0.236134668590335,0.107090753580106
"330",0.973078549661858,7.80617386372991e-17,0.000455826751349969,0.0264656235867915,3.52722485522456e-18
"331",0.172657742073325,0.512905672254124,2.26809222480919e-18,0.221035134147818,0.0934014515247329
"332",7.25977160948029e-18,0.814037575266854,0.00851171417479393,5.25746276687594e-18,0.177450710558352
"333",0.457048389144794,0.485767987291829,0.0571836235633765,4.54054065066078e-17,2.04960652334119e-19
"334",0.527944591142619,0.379974046698208,0.00145224418391418,4.33095621397715e-18,0.0906291179752587
"335",0.0508289869982238,0.567271753478611,0.0357045264199199,0.346160399016217,3.43340870279691e-05
"336",0.440464479559907,4.53202992146979e-18,0.1447836847276,0.340012713906278,0.074739121806215
"337",0.424374386377451,3.98254929711227e-18,0.0354323340803748,0.519249526635891,0.0209437529062837
"338",1.18170436074098e-18,0.532567280104572,0.0887950502946906,0.00683802266035778,0.37179964694038
"339",0.101506337624582,0.265515013939678,0.112500405999582,0.308390071744866,0.212088170691291
"340",0.123192795581735,0.0591018787862438,0.186873901768533,0.152121802575607,0.478709621287881
"341",0.140578288200729,0.108162512947625,0.143425876572503,0.212329718761318,0.395503603517826
"342",0.000584536521276076,0.177523669154671,0.23713457543868,0.227785271002779,0.356971947882594
"343",0.343730204837397,0.413509620110534,0.242760175052068,6.70912153687433e-17,8.32667268468867e-19
"344",1.55431223447522e-17,0.189605778763126,0.186725142298427,0.115407718164699,0.508261360773748
"345",0.118970775892006,0.0961283351405512,0.194664642275648,0.0976216943956138,0.492614552296182
"346",0.120467061050094,0.671496973119114,0.165562388519134,0.042473577311658,3.16710941328642e-18
"347",1.66712008085464e-18,0.595701951476681,0.118551599633724,0.215460516046536,0.0702859328430595
"348",0.0860335856850802,0.579401117722556,0.244001847121372,0.0733276227129268,0.0172358267580651
"349",0.0204581960744187,0.507387588223803,0.00365368455988694,0.468500531141892,5.20827257484139e-18
"350",0.0193363652602181,0.842720188000243,0.137943446739539,1.78466259611184e-17,5.17315797973641e-18
"351",0.246593445138493,0.278442748995467,2.77555756156289e-18,0.261549492669237,0.213414313196802
"352",0.107334388733252,0.0401821234207394,0.194916135786369,0.111167006686784,0.546400345372856
"353",0.190169151516438,0.363333518753996,0.00106651529635257,0.416155130510759,0.0292756839224536
"354",0.210561205271784,0.19183119671296,0.184230567039884,0.0921480353822149,0.321228995593158
"355",0.0251458703448411,0.36800034678185,0.15396988773313,0.452883895140178,3.56220432376828e-18
"356",3.15236204140962e-17,0.510793237437206,0.489206762562794,9.60833053684461e-18,1.91782984326719e-18
"357",0.281827798241502,0.511352447268144,0.0159054131585774,0.0901451647473082,0.100769176584469
"358",0.30966014433508,0.202200533903708,0.325729738064414,0.136442089187526,0.0259674945092719
"359",0.340840651566485,0.390080469580832,0.235552994598837,0.0335258842538464,5.55111512312578e-19
"360",6.66133814775094e-18,0.322066055068151,0.150545233242959,0.166623396826686,0.360765314862204
"361",0.202622977028695,0.0568108203853519,0.0212940515022523,0.719272151083701,1.91167004692148e-19
"362",0.318432842827103,0.553727843852135,0.0637591869983561,1.12125880253806e-18,0.0640801263224063
"363",0.0305389567789347,0.752327933681504,0.00069655056969507,0.019765887942491,0.196670671027376
"364",0.24959147796932,0.364828562344267,0.0904808973247292,0.0925340639413974,0.202564998420286
"365",0.116792489260046,0.0379466332769742,0.197639452160317,0.101933755432631,0.545687669870032
"366",0.176020443413085,0.306002521035856,0.197103333632425,0.256718500934896,0.064155200983739
"367",0.324348765575536,0.517315146699864,0.158336087724599,2.5834538731353e-18,1.82463604749391e-18
"368",1.15440579036868e-17,0.000973189182560423,0.00876467384656774,0.990262136970872,5.50420469647049e-18
"369",0.159001796521759,0.809684468288978,0.0204448903128461,1.06237866130587e-17,0.0108688448764161
"370",0.246815167167804,0.507094988850264,0.155391856217692,0.0905651293068879,0.000132858457352885
"371",0.209963847107304,0.179664730122828,0.266140818782082,0.195989342349363,0.148241261638424
"372",0.00471081261120252,0.958551815666432,0.0348903229174983,0.0018470488048677,5.62303848055077e-18
"373",0.371362568025425,0.497751253821317,0.130886178153258,1.66533453693774e-18,5.73465835608732e-18
"374",0.176372836590147,0.752959784326365,0.0646963963277539,1.04671051812767e-17,0.00597098275573415
"375",0.330690650026234,0.1582646179665,0.254440596928079,0.251284610799244,0.00531952427994294
"376",0.107922653747596,0.295166941139442,0.00346999031125506,0.593440414801706,1.35986620111773e-18
"377",0.109818354902108,0.0858811098085804,0.161444770149026,0.210962551737691,0.431893213402595
"378",0.0623941325071316,0.65693205915827,0.161903278907139,0.118492855907737,0.000277673519722128
"379",0.269593960349964,0.730406039650036,9.56271665194338e-18,1.2130992905324e-17,6.93889390390722e-20
"380",0.0194221209968011,0.528277094430698,0.0789287820992555,0.13629549593308,0.237076506540166
"381",0.085421561165257,0.214772660567287,0.227236737566691,0.0173246278568909,0.455244412843874
"382",0.359839373228643,0.550683455566096,0.0894690837450291,2.36208080287648e-18,8.08746023194605e-06
"383",0.00214392418923664,0.986904144450317,2.83070000182646e-18,0.0109519313604466,8.87105476854567e-18
"384",0.102579616555919,0.039034337852419,0.188613313291446,0.120770991062942,0.549001741237275
"385",0.317451089720286,0.307222648415412,0.30025879608825,5.5596204076915e-18,0.0750674657760523
"386",0.113308888560401,0.373897176326308,0.166839573302882,2.22044604925031e-18,0.345954361810409
"387",0.059432849332292,0.295284679525284,0.021811743495037,0.320833205861312,0.302637521786074
"388",0.00785365904128746,0.536120799017979,0.232654037537408,0.223371504403326,4.61342584523583e-19
"389",0.226961925610623,0.191502298069051,0.0416583425659156,0.240106945050944,0.299770488703466
"390",0.0847106413900397,0.351542811843801,0.0471776976423782,0.516568849123781,5.55111512312578e-19
"391",0.0026306458234959,0.997369354176504,1.19729775407472e-17,2.6684821286483e-17,1.02950071257872e-18
"392",0.142741906740162,0.623692156887595,3.17908679134445e-18,0.231677222785287,0.00188871358695656
"393",0.187463940326654,0.27893652908714,0.0281278286448766,0.505471701941329,1.21084666845078e-18
"394",0.0555713605744889,0.0869467269895274,0.207045710662492,0.185429914157604,0.465006287615888
"395",0.486360284003874,0.311811786901383,0.105857219660661,0.0196921184127776,0.0762785910213046
"396",0.225948513206053,0.151068828663152,0.0738975019858291,0.292833530246668,0.256251625898298
"397",0.0419482319846203,0.854582318250311,0.0939663934015279,0.00204271467267549,0.0074603416908652
"398",1.11022302462516e-18,0.780262581475745,0.0347845166836408,0.119048890023565,0.0659040118170494
"399",0.188485706664223,0.622559083825145,2.77555756156289e-18,0.188955209510632,1.45446556002156e-17
"400",0.595538404404485,0.0846437238155503,9.68696117565897e-19,0.18753106775428,0.132286804025684
"401",9.04532528428167e-05,0.507656030004904,0.0948567461366684,0.284251982483379,0.113144788122206
"402",0.0350995778605095,0.507121799656619,0.112597816583636,0.345180805899236,5.39142013266078e-19
